agentid,step,ExpectedQvalue,CumulativeReward
0,1,38.05555555555554,0
0,2,32.44444444444444,0
0,3,34.44444444444444,0
0,4,33.88888888888888,0
0,5,34.25000000000001,0
0,6,37.0,0
0,7,36.61111111111113,6
0,8,33.61111111111111,6
0,9,39.25000000000001,6
0,10,36.000000000000014,18
0,11,34.38888888888889,30
0,12,36.72222222222222,30
0,13,35.5,36
0,14,37.30555555555556,36
0,15,44.94444444444444,42
0,16,76.24999999999996,48
0,17,53.38888888888889,54
0,18,70.4722222222222,54
0,19,69.74999999999999,60
0,20,61.527777777777764,60
0,21,59.361111111111114,60
0,22,58.02777777777779,66
0,23,67.77777777777781,78
0,24,64.19444444444443,84
0,25,79.05555555555554,84
0,26,58.97222222222221,84
0,27,64.33333333333334,90
0,28,78.38888888888889,90
0,29,88.1388888888889,96
0,30,66.08333333333333,102
0,31,65.19444444444444,102
0,32,81.83333333333331,102
0,33,64.75000000000003,102
0,34,70.41666666666666,102
0,35,57.66666666666665,102
0,36,68.52777777777779,102
0,37,70.80555555555556,102
0,38,54.38888888888889,102
0,39,61.86111111111111,102
0,40,80.05555555555551,102
0,41,63.94444444444443,102
0,42,71.50000000000003,102
0,43,70.83333333333333,102
0,44,72.69444444444444,102
0,45,72.38888888888889,102
0,46,82.08333333333334,102
0,47,54.0,102
0,48,67.83333333333331,102
0,49,64.08333333333333,102
0,50,70.83333333333333,102
0,51,70.80555555555557,102
0,52,61.36111111111112,114
0,53,64.77777777777777,144
0,54,67.30555555555556,150
0,55,69.44444444444441,150
0,56,82.94444444444447,150
0,57,82.22222222222224,174
0,58,90.6388888888889,174
0,59,77.08333333333336,174
0,60,59.49999999999999,186
0,61,73.38888888888889,186
0,62,76.08333333333333,192
0,63,75.05555555555559,192
0,64,73.91666666666669,192
0,65,75.08333333333336,192
0,66,73.52777777777777,192
0,67,59.861111111111114,192
0,68,97.22222222222226,198
0,69,58.55555555555556,204
0,70,63.333333333333336,210
0,71,83.02777777777781,210
0,72,71.16666666666666,210
0,73,73.16666666666669,210
0,74,71.41666666666669,210
0,75,74.74999999999999,210
0,76,75.16666666666664,216
0,77,69.66666666666667,228
0,78,69.25000000000001,234
0,79,73.66666666666666,240
0,80,77.44444444444441,240
0,81,72.61111111111107,240
0,82,54.47222222222222,240
0,83,78.77777777777777,240
0,84,72.11111111111111,240
0,85,74.16666666666667,240
0,86,73.36111111111114,240
0,87,74.75000000000003,240
0,88,71.55555555555556,240
0,89,91.19444444444444,240
0,90,79.33333333333334,240
0,91,80.44444444444443,240
0,92,80.25,240
0,93,82.83333333333334,240
0,94,80.19444444444444,240
0,95,73.58333333333333,240
0,96,76.88888888888887,240
0,97,67.4722222222222,240
0,98,81.44444444444444,240
0,99,69.83333333333337,240
0,100,75.25,240
0,101,71.75,240
0,102,81.91666666666664,240
0,103,78.02777777777774,240
0,104,74.13888888888887,240
0,105,76.36111111111107,240
0,106,73.97222222222226,240
0,107,78.75,240
0,108,84.11111111111111,240
0,109,75.88888888888886,240
0,110,76.83333333333333,240
0,111,70.22222222222221,240
0,112,69.83333333333334,240
0,113,77.13888888888891,240
0,114,76.52777777777779,240
0,115,76.61111111111113,240
0,116,86.13888888888887,240
0,117,81.3611111111111,240
0,118,80.47222222222223,240
0,119,78.47222222222223,240
0,120,84.41666666666664,240
0,121,76.72222222222224,240
0,122,70.3888888888889,240
0,123,76.5277777777778,240
0,124,71.97222222222223,240
0,125,70.74999999999999,240
0,126,71.52777777777779,240
0,127,65.77777777777779,240
0,128,79.44444444444447,240
0,129,75.44444444444447,240
0,130,82.55555555555551,240
0,131,72.94444444444443,240
0,132,71.19444444444443,240
0,133,62.97222222222223,240
0,134,90.52777777777779,240
0,135,74.08333333333334,240
0,136,72.47222222222221,240
0,137,79.61111111111111,240
0,138,75.02777777777779,240
0,139,79.94444444444443,240
0,140,79.80555555555554,240
0,141,75.05555555555557,240
0,142,70.3611111111111,240
0,143,71.97222222222223,240
0,144,70.41666666666667,240
0,145,67.75,240
0,146,71.30555555555554,240
0,147,69.72222222222221,312
0,148,79.11111111111113,378
0,149,86.91666666666664,414
0,150,70.55555555555554,414
0,151,85.05555555555559,522
0,152,85.69444444444443,522
0,153,80.52777777777779,522
0,154,74.3611111111111,522
0,155,85.88888888888889,522
0,156,79.30555555555557,522
0,157,78.69444444444446,522
0,158,93.05555555555559,522
0,159,107.22222222222219,522
0,160,79.63888888888891,522
0,161,96.44444444444443,522
0,162,90.41666666666666,522
0,163,74.9722222222222,522
0,164,83.66666666666666,522
0,165,83.66666666666671,522
0,166,72.30555555555556,522
0,167,69.27777777777779,522
0,168,73.61111111111113,522
0,169,85.11111111111111,522
0,170,82.02777777777779,522
0,171,78.27777777777779,522
0,172,76.66666666666667,522
0,173,84.27777777777774,522
0,174,78.47222222222221,522
0,175,86.83333333333339,522
0,176,74.91666666666666,522
0,177,73.77777777777779,522
0,178,84.1111111111111,522
0,179,84.41666666666669,522
0,180,79.4166666666667,522
0,181,89.44444444444444,522
0,182,86.25,522
0,183,89.61111111111111,522
0,184,90.88888888888889,522
0,185,75.88888888888889,522
0,186,87.55555555555557,522
0,187,96.94444444444444,522
0,188,78.86111111111113,522
0,189,98.66666666666667,522
0,190,77.97222222222224,522
0,191,87.0,522
0,192,90.69444444444446,522
0,193,86.3611111111111,522
0,194,80.44444444444441,522
0,195,79.33333333333334,522
0,196,79.27777777777777,522
0,197,92.88888888888889,522
0,198,91.38888888888894,522
0,199,92.27777777777774,522
0,200,85.44444444444441,522
0,201,94.72222222222226,522
0,202,83.80555555555557,522
0,203,80.77777777777776,522
0,204,71.83333333333333,522
0,205,86.55555555555553,522
0,206,76.5,522
0,207,74.30555555555556,522
0,208,83.38888888888886,522
0,209,92.66666666666669,522
0,210,89.0277777777778,522
0,211,84.86111111111111,522
0,212,85.83333333333329,522
0,213,80.22222222222221,522
0,214,81.91666666666669,522
0,215,98.38888888888891,522
0,216,100.0277777777778,522
0,217,89.08333333333331,522
0,218,96.36111111111111,522
0,219,84.30555555555554,522
0,220,88.30555555555553,522
0,221,92.25000000000003,522
0,222,72.69444444444444,522
0,223,73.33333333333334,522
0,224,97.16666666666671,522
0,225,85.08333333333333,522
0,226,82.63888888888889,522
0,227,95.05555555555556,522
0,228,92.86111111111114,522
0,229,92.91666666666664,522
0,230,83.13888888888887,522
0,231,78.50000000000003,522
0,232,89.30555555555556,522
0,233,86.74999999999997,522
0,234,95.83333333333339,522
0,235,102.75000000000003,522
0,236,91.7222222222222,522
0,237,106.86111111111109,522
0,238,69.49999999999999,522
0,239,78.77777777777776,522
0,240,83.77777777777779,522
0,241,100.33333333333334,522
0,242,91.94444444444446,522
0,243,76.25000000000003,522
0,244,86.50000000000001,522
0,245,90.02777777777783,600
0,246,87.66666666666663,606
0,247,96.11111111111103,612
0,248,83.83333333333339,612
0,249,82.02777777777774,612
0,250,100.13888888888889,612
0,251,91.33333333333334,612
0,252,85.02777777777777,618
0,253,91.80555555555553,618
0,254,101.49999999999999,648
0,255,97.27777777777777,684
0,256,103.22222222222226,684
0,257,82.2222222222222,690
0,258,88.7777777777778,690
0,259,86.58333333333339,690
0,260,77.08333333333331,690
0,261,97.83333333333331,690
0,262,76.88888888888886,690
0,263,107.77777777777773,774
0,264,121.41666666666667,774
0,265,112.25,774
0,266,122.63888888888889,786
0,267,118.55555555555557,786
0,268,124.63888888888899,786
0,269,123.47222222222219,786
0,270,106.13888888888889,828
0,271,125.69444444444447,834
0,272,112.08333333333336,840
0,273,112.91666666666667,840
0,274,119.30555555555561,840
0,275,112.80555555555556,840
0,276,112.33333333333339,840
0,277,124.36111111111113,840
0,278,125.36111111111119,840
0,279,124.58333333333333,840
0,280,115.61111111111111,840
0,281,124.9166666666666,840
0,282,114.83333333333336,852
0,283,129.69444444444449,852
0,284,128.08333333333334,864
0,285,118.50000000000003,876
0,286,114.61111111111109,876
0,287,108.66666666666666,876
0,288,126.75,876
0,289,123.6388888888889,876
0,290,124.16666666666664,888
0,291,127.33333333333333,894
0,292,117.33333333333336,906
0,293,118.16666666666667,906
0,294,128.55555555555557,906
0,295,123.30555555555557,906
0,296,115.66666666666669,906
0,297,115.4722222222222,906
0,298,126.36111111111111,906
0,299,120.24999999999999,906
0,300,117.52777777777777,906
0,301,107.6666666666667,906
0,302,121.47222222222227,906
0,303,113.69444444444451,918
0,304,115.1944444444445,918
0,305,122.00000000000003,918
0,306,115.66666666666671,918
0,307,105.91666666666669,918
0,308,124.72222222222224,918
0,309,108.19444444444443,918
0,310,115.86111111111116,918
0,311,102.94444444444443,918
0,312,123.86111111111119,918
0,313,134.80555555555551,918
0,314,118.22222222222223,930
0,315,132.19444444444449,930
0,316,113.16666666666666,942
0,317,123.02777777777779,942
0,318,123.83333333333331,942
0,319,133.08333333333337,942
0,320,115.36111111111114,960
0,321,113.47222222222221,960
0,322,121.44444444444443,960
0,323,111.83333333333336,960
0,324,129.25,960
0,325,112.19444444444443,960
0,326,122.47222222222227,960
0,327,105.69444444444443,966
0,328,115.99999999999997,984
0,329,106.69444444444447,990
0,330,121.2777777777778,990
0,331,121.94444444444444,996
0,332,109.99999999999997,1002
0,333,125.58333333333337,1002
0,334,121.38888888888897,1002
0,335,120.94444444444447,1002
0,336,120.47222222222221,1002
0,337,116.61111111111114,1002
0,338,123.47222222222223,1002
0,339,112.33333333333331,1002
0,340,125.13888888888886,1002
0,341,125.27777777777776,1002
0,342,134.25000000000006,1002
0,343,116.91666666666666,1038
0,344,125.41666666666671,1038
0,345,134.50000000000006,1038
0,346,128.25,1038
0,347,122.55555555555559,1038
0,348,120.30555555555553,1068
0,349,119.88888888888886,1068
0,350,113.08333333333334,1068
0,351,123.19444444444444,1080
0,352,119.55555555555557,1092
0,353,116.61111111111113,1110
0,354,120.8055555555556,1110
0,355,115.61111111111111,1110
0,356,134.16666666666666,1110
0,357,128.16666666666663,1116
0,358,126.66666666666673,1116
0,359,125.24999999999996,1116
0,360,127.88888888888884,1116
0,361,124.91666666666674,1128
0,362,137.58333333333337,1128
0,363,123.58333333333334,1134
0,364,121.25000000000001,1134
0,365,117.63888888888887,1134
0,366,114.5277777777778,1134
0,367,108.94444444444444,1134
0,368,136.58333333333334,1134
0,369,128.19444444444446,1134
0,370,117.5833333333333,1134
0,371,124.36111111111109,1134
0,372,130.13888888888894,1134
0,373,119.22222222222226,1134
0,374,121.16666666666669,1158
0,375,122.75000000000001,1164
0,376,116.19444444444441,1170
0,377,102.19444444444444,1170
0,378,107.94444444444443,1176
0,379,112.74999999999999,1176
0,380,127.2222222222222,1176
0,381,107.80555555555559,1176
0,382,122.80555555555554,1176
0,383,107.30555555555561,1176
0,384,124.22222222222223,1176
0,385,108.1111111111111,1176
0,386,128.13888888888883,1176
0,387,110.61111111111109,1176
0,388,112.80555555555557,1176
0,389,119.47222222222223,1176
0,390,114.44444444444444,1176
0,391,111.16666666666664,1176
0,392,109.1388888888889,1176
0,393,109.16666666666671,1182
0,394,119.50000000000003,1200
0,395,119.02777777777781,1200
0,396,124.22222222222217,1200
0,397,123.6388888888889,1212
0,398,117.44444444444446,1212
0,399,107.38888888888889,1218
0,400,109.47222222222223,1218
0,401,109.44444444444446,1224
0,402,120.61111111111106,1224
0,403,132.05555555555554,1224
0,404,102.94444444444446,1224
0,405,115.13888888888894,1224
0,406,116.55555555555556,1278
0,407,129.55555555555557,1278
0,408,128.6666666666667,1284
0,409,120.11111111111107,1284
0,410,112.86111111111113,1284
0,411,119.77777777777774,1290
0,412,110.4722222222222,1308
0,413,117.47222222222224,1308
0,414,115.08333333333339,1308
0,415,131.58333333333334,1308
0,416,123.22222222222221,1314
0,417,128.11111111111111,1314
0,418,134.38888888888889,1314
0,419,122.58333333333331,1314
0,420,115.5555555555556,1314
0,421,120.36111111111114,1314
0,422,109.47222222222226,1344
0,423,132.08333333333337,1362
0,424,118.94444444444443,1368
0,425,126.83333333333331,1368
0,426,100.25000000000001,1392
0,427,115.61111111111111,1392
0,428,118.55555555555556,1398
0,429,127.11111111111114,1398
0,430,107.41666666666661,1398
0,431,124.49999999999999,1398
0,432,127.58333333333341,1398
0,433,130.1111111111111,1398
0,434,119.72222222222226,1404
0,435,120.11111111111113,1404
0,436,116.24999999999997,1410
0,437,117.02777777777777,1422
0,438,134.74999999999994,1422
0,439,135.97222222222223,1434
0,440,116.16666666666674,1434
0,441,119.44444444444449,1440
0,442,113.86111111111114,1446
0,443,121.94444444444447,1464
0,444,117.11111111111109,1464
0,445,117.61111111111114,1464
0,446,123.36111111111111,1470
0,447,128.25,1488
0,448,114.4166666666667,1488
0,449,114.33333333333331,1500
0,450,125.72222222222227,1506
0,451,108.58333333333333,1512
0,452,129.36111111111114,1512
0,453,117.25000000000001,1518
0,454,114.58333333333336,1518
0,455,128.11111111111114,1518
0,456,114.02777777777779,1524
0,457,116.41666666666669,1524
0,458,118.69444444444447,1524
0,459,121.13888888888889,1524
0,460,111.80555555555559,1524
0,461,130.30555555555554,1524
0,462,124.16666666666669,1524
0,463,125.33333333333333,1524
0,464,124.83333333333333,1524
0,465,120.30555555555554,1524
0,466,133.4444444444444,1542
0,467,117.05555555555556,1560
0,468,119.58333333333327,1572
0,469,113.77777777777781,1572
0,470,116.88888888888886,1572
0,471,139.44444444444446,1572
0,472,115.08333333333331,1572
0,473,118.13888888888891,1596
0,474,127.11111111111111,1596
0,475,126.77777777777781,1596
0,476,119.52777777777779,1602
0,477,126.41666666666667,1602
0,478,117.02777777777777,1602
0,479,115.19444444444447,1608
0,480,126.16666666666669,1620
0,481,136.80555555555554,1620
0,482,112.94444444444444,1620
0,483,127.52777777777777,1620
0,484,121.00000000000003,1638
0,485,132.13888888888886,1638
0,486,118.11111111111113,1644
0,487,118.6388888888889,1644
0,488,121.3055555555556,1644
0,489,119.27777777777779,1644
0,490,115.55555555555559,1644
0,491,131.08333333333331,1644
0,492,117.9722222222222,1644
0,493,117.66666666666667,1650
0,494,109.99999999999999,1650
0,495,131.97222222222229,1650
0,496,106.00000000000001,1668
0,497,117.58333333333334,1680
0,498,129.91666666666666,1698
0,499,128.47222222222226,1698
0,500,120.3611111111111,1722
0,501,128.16666666666663,1722
0,502,123.72222222222224,1764
0,503,97.94444444444446,1830
0,504,112.27777777777779,1830
0,505,134.5277777777778,1830
0,506,119.75000000000001,1836
0,507,113.36111111111114,1836
0,508,118.44444444444444,1842
0,509,124.24999999999997,1842
0,510,131.30555555555563,1848
0,511,128.05555555555557,1854
0,512,130.83333333333331,1860
0,513,120.27777777777776,1866
0,514,138.80555555555551,1866
0,515,130.30555555555551,1866
0,516,133.13888888888886,1866
0,517,105.11111111111111,1866
0,518,134.91666666666669,1866
0,519,133.3888888888889,1866
0,520,121.16666666666666,1866
0,521,113.97222222222227,1878
0,522,120.88888888888887,1902
0,523,114.88888888888889,1902
0,524,112.8888888888889,1902
0,525,121.05555555555556,1908
0,526,123.05555555555557,1908
0,527,117.52777777777783,1908
0,528,118.77777777777776,1932
0,529,134.27777777777774,1938
0,530,105.05555555555556,1944
0,531,115.69444444444441,1956
0,532,116.30555555555559,1956
0,533,109.83333333333336,1956
0,534,126.8055555555556,1956
0,535,116.00000000000006,1956
0,536,122.1388888888889,1956
0,537,124.55555555555556,1962
0,538,112.66666666666669,1962
0,539,122.3888888888889,1968
0,540,120.08333333333333,1968
0,541,122.5833333333333,1974
0,542,122.22222222222224,1974
0,543,115.2222222222222,1986
0,544,116.02777777777776,1992
0,545,126.05555555555556,1992
0,546,117.86111111111111,1992
0,547,123.91666666666661,1992
0,548,123.13888888888889,1992
0,549,127.6944444444445,1992
0,550,135.88888888888894,1992
0,551,99.80555555555551,1992
0,552,120.97222222222224,1992
0,553,120.11111111111113,1992
0,554,125.55555555555556,1992
0,555,119.83333333333334,1992
0,556,107.94444444444441,1992
0,557,115.86111111111109,1992
0,558,123.0277777777778,1992
0,559,130.33333333333337,1992
0,560,142.63888888888886,1992
0,561,130.22222222222223,1992
0,562,130.19444444444446,1992
0,563,132.80555555555557,1992
0,564,130.7222222222222,1992
0,565,113.4444444444445,1992
0,566,124.6388888888889,1992
0,567,120.41666666666671,1992
0,568,104.22222222222224,1992
0,569,144.25,1998
0,570,130.05555555555557,1998
0,571,110.52777777777777,2016
0,572,128.25,2016
0,573,120.52777777777781,2022
0,574,143.05555555555563,2028
0,575,133.13888888888889,2028
0,576,124.33333333333334,2028
0,577,114.66666666666669,2034
0,578,136.6944444444445,2040
0,579,122.61111111111114,2040
0,580,118.00000000000001,2040
0,581,113.16666666666669,2046
0,582,121.6666666666667,2052
0,583,127.13888888888893,2058
0,584,123.61111111111113,2064
0,585,118.13888888888893,2070
0,586,112.69444444444443,2070
0,587,125.47222222222227,2070
0,588,119.33333333333331,2082
0,589,122.83333333333336,2082
0,590,133.83333333333334,2082
0,591,106.80555555555559,2082
0,592,126.25,2100
0,593,126.77777777777777,2106
0,594,131.36111111111111,2106
0,595,129.41666666666669,2106
0,596,117.94444444444444,2136
0,597,124.63888888888893,2190
0,598,121.08333333333333,2202
0,599,119.80555555555559,2202
0,600,130.8333333333333,2208
0,601,112.3611111111111,2220
0,602,124.91666666666669,2220
0,603,125.47222222222227,2220
0,604,122.55555555555559,2220
0,605,132.97222222222223,2220
0,606,139.91666666666666,2220
0,607,108.52777777777776,2232
0,608,117.97222222222223,2232
0,609,129.9166666666667,2232
0,610,114.13888888888887,2232
0,611,116.33333333333331,2232
0,612,128.13888888888894,2232
0,613,95.36111111111114,2250
0,614,120.75,2250
0,615,124.83333333333334,2256
0,616,108.77777777777781,2262
0,617,111.83333333333339,2262
0,618,114.3055555555555,2262
0,619,122.8333333333333,2262
0,620,119.75000000000001,2262
0,621,125.08333333333337,2262
0,622,122.30555555555557,2262
0,623,124.1388888888889,2262
0,624,110.16666666666667,2262
0,625,120.30555555555553,2268
0,626,118.00000000000003,2268
0,627,130.77777777777786,2280
0,628,120.66666666666666,2280
0,629,121.83333333333333,2286
0,630,109.30555555555557,2286
0,631,128.3888888888889,2286
0,632,117.91666666666669,2286
0,633,128.86111111111111,2286
0,634,130.91666666666666,2292
0,635,135.08333333333334,2292
0,636,127.30555555555554,2292
0,637,113.80555555555557,2298
0,638,126.8055555555556,2304
0,639,120.5,2304
0,640,124.6111111111112,2304
0,641,122.58333333333336,2304
0,642,119.25000000000001,2304
0,643,114.13888888888889,2304
0,644,116.61111111111114,2304
0,645,119.0555555555556,2304
0,646,109.08333333333336,2316
0,647,113.5833333333333,2316
0,648,123.05555555555564,2316
0,649,118.33333333333333,2346
0,650,131.9444444444445,2346
0,651,121.02777777777779,2370
0,652,109.13888888888894,2370
0,653,116.77777777777779,2376
0,654,134.30555555555563,2394
0,655,130.74999999999997,2394
0,656,123.30555555555557,2394
0,657,122.44444444444447,2400
0,658,127.50000000000001,2400
0,659,126.88888888888886,2412
0,660,131.13888888888889,2412
0,661,126.2777777777778,2412
0,662,134.88888888888886,2412
0,663,127.58333333333333,2412
0,664,122.47222222222226,2412
0,665,122.16666666666667,2412
0,666,126.74999999999999,2454
0,667,119.97222222222223,2460
0,668,121.8888888888889,2460
0,669,118.69444444444444,2460
0,670,116.75000000000004,2466
0,671,111.74999999999996,2478
0,672,139.4722222222222,2478
0,673,122.47222222222221,2484
0,674,107.08333333333336,2484
0,675,114.94444444444446,2496
0,676,126.52777777777783,2496
0,677,132.97222222222217,2496
0,678,123.08333333333339,2496
0,679,116.13888888888891,2496
0,680,129.75000000000006,2508
0,681,128.08333333333334,2514
0,682,121.19444444444444,2526
0,683,124.97222222222221,2538
0,684,114.66666666666667,2544
0,685,125.8888888888889,2544
0,686,122.50000000000003,2544
0,687,133.7222222222223,2544
0,688,115.5277777777778,2544
0,689,126.30555555555553,2556
0,690,122.13888888888893,2574
0,691,103.77777777777779,2592
0,692,122.88888888888891,2604
0,693,131.30555555555551,2616
0,694,132.72222222222223,2628
0,695,119.00000000000001,2628
0,696,112.94444444444447,2628
0,697,118.0277777777778,2628
0,698,119.66666666666669,2634
0,699,126.16666666666669,2634
0,700,143.11111111111111,2634
0,701,129.19444444444443,2640
0,702,124.55555555555554,2640
0,703,105.55555555555557,2646
0,704,121.55555555555556,2646
0,705,117.83333333333337,2646
0,706,135.47222222222223,2658
0,707,124.3888888888889,2664
0,708,123.25,2664
0,709,113.77777777777779,2664
0,710,121.41666666666666,2664
0,711,117.5833333333334,2670
0,712,141.66666666666669,2670
0,713,125.47222222222221,2676
0,714,128.58333333333331,2676
0,715,138.08333333333334,2682
0,716,127.33333333333334,2682
0,717,135.58333333333331,2688
0,718,134.8611111111111,2694
0,719,122.0555555555556,2694
0,720,115.5277777777778,2694
0,721,121.61111111111111,2694
0,722,113.83333333333334,2694
0,723,131.44444444444449,2694
0,724,127.4166666666667,2694
0,725,120.97222222222221,2694
0,726,125.72222222222221,2694
0,727,125.4166666666666,2694
0,728,117.30555555555556,2694
0,729,123.00000000000001,2694
0,730,123.97222222222227,2694
0,731,115.0277777777778,2694
0,732,132.75000000000003,2694
0,733,131.52777777777777,2694
0,734,132.94444444444446,2694
0,735,120.08333333333344,2694
0,736,129.44444444444449,2694
0,737,123.25000000000006,2694
0,738,138.6666666666667,2694
0,739,119.58333333333333,2694
0,740,120.7777777777778,2694
0,741,127.08333333333334,2694
0,742,128.6111111111111,2694
0,743,115.47222222222224,2694
0,744,129.30555555555563,2694
0,745,118.77777777777779,2694
0,746,128.33333333333331,2694
0,747,117.97222222222221,2694
0,748,135.66666666666669,2694
0,749,115.36111111111113,2694
0,750,124.55555555555556,2694
0,751,127.27777777777781,2694
0,752,128.94444444444446,2694
0,753,132.1111111111111,2694
0,754,133.66666666666663,2694
0,755,135.88888888888886,2694
0,756,129.99999999999997,2694
0,757,128.30555555555554,2694
0,758,120.72222222222229,2694
0,759,112.75000000000001,2694
0,760,137.3888888888889,2694
0,761,142.25000000000003,2694
0,762,130.38888888888889,2694
0,763,138.77777777777783,2694
0,764,140.66666666666669,2694
0,765,139.41666666666669,2694
0,766,127.38888888888891,2694
0,767,133.16666666666669,2694
0,768,133.44444444444443,2694
0,769,132.2777777777778,2694
0,770,128.58333333333337,2694
0,771,128.44444444444446,2694
0,772,140.27777777777777,2736
0,773,146.83333333333334,2802
0,774,119.4166666666667,2802
0,775,127.05555555555556,2832
0,776,136.11111111111117,2856
0,777,136.05555555555563,2892
0,778,121.94444444444446,2940
0,779,137.41666666666666,2940
0,780,135.94444444444443,2940
0,781,138.83333333333331,2946
0,782,141.22222222222226,2946
0,783,129.0555555555556,2946
0,784,130.69444444444446,2958
0,785,119.80555555555556,2964
0,786,121.83333333333337,2964
0,787,130.36111111111106,2976
0,788,127.99999999999997,2988
0,789,138.02777777777774,2988
0,790,135.66666666666669,2988
0,791,126.22222222222227,2994
0,792,124.61111111111111,2994
0,793,138.0833333333334,3054
0,794,136.0,3054
0,795,130.77777777777777,3054
0,796,123.44444444444443,3054
0,797,128.86111111111111,3054
0,798,126.83333333333336,3054
0,799,130.41666666666669,3096
0,800,129.4444444444444,3126
0,801,139.8611111111111,3126
0,802,118.25000000000001,3126
0,803,136.16666666666674,3132
0,804,131.3611111111111,3132
0,805,127.27777777777777,3150
0,806,122.05555555555559,3150
0,807,125.80555555555557,3150
0,808,117.6944444444445,3168
0,809,117.94444444444444,3174
0,810,115.72222222222227,3180
0,811,141.0555555555556,3186
0,812,139.0833333333333,3186
0,813,114.58333333333331,3198
0,814,135.3055555555556,3204
0,815,130.80555555555554,3204
0,816,130.80555555555563,3204
0,817,133.0,3204
0,818,118.41666666666669,3204
0,819,124.80555555555557,3204
0,820,119.3611111111111,3204
0,821,125.33333333333334,3204
0,822,111.19444444444444,3204
0,823,142.83333333333337,3222
0,824,120.75,3228
0,825,133.00000000000009,3234
0,826,130.72222222222226,3234
0,827,121.44444444444447,3252
0,828,134.80555555555554,3252
0,829,120.72222222222223,3258
0,830,122.08333333333333,3264
0,831,123.91666666666673,3264
0,832,135.5277777777778,3264
0,833,116.58333333333339,3264
0,834,120.5,3264
0,835,112.63888888888889,3264
0,836,137.3888888888889,3264
0,837,134.3055555555556,3264
0,838,131.94444444444446,3264
0,839,125.61111111111107,3270
0,840,145.47222222222217,3282
0,841,131.86111111111117,3282
0,842,130.75000000000006,3324
0,843,139.22222222222223,3324
0,844,128.25000000000003,3348
0,845,131.75000000000003,3354
0,846,141.38888888888889,3366
0,847,134.99999999999994,3366
0,848,125.50000000000001,3366
0,849,108.19444444444446,3366
0,850,129.11111111111117,3366
0,851,128.83333333333331,3366
0,852,118.86111111111114,3396
0,853,133.72222222222226,3396
0,854,133.11111111111111,3396
0,855,121.63888888888893,3438
0,856,118.05555555555553,3444
0,857,121.74999999999999,3444
0,858,122.33333333333336,3444
0,859,117.97222222222221,3444
0,860,130.8333333333334,3444
0,861,119.30555555555557,3444
0,862,116.55555555555559,3444
0,863,129.97222222222223,3450
0,864,127.52777777777777,3450
0,865,122.86111111111109,3450
0,866,124.25000000000003,3450
0,867,131.13888888888886,3450
0,868,130.58333333333337,3450
0,869,136.94444444444443,3450
0,870,124.19444444444446,3450
0,871,136.5,3450
0,872,139.0277777777778,3450
0,873,126.66666666666673,3450
0,874,130.44444444444449,3450
0,875,124.4444444444445,3450
0,876,125.2777777777778,3450
0,877,121.58333333333337,3450
0,878,123.08333333333333,3462
0,879,126.58333333333331,3462
0,880,128.44444444444443,3462
0,881,137.50000000000003,3462
0,882,120.4166666666667,3462
0,883,129.86111111111117,3474
0,884,129.5833333333334,3486
0,885,148.1666666666667,3498
0,886,138.3611111111111,3516
0,887,138.30555555555554,3528
0,888,137.11111111111114,3534
0,889,136.58333333333331,3534
0,890,139.41666666666674,3534
0,891,133.75,3534
0,892,131.00000000000003,3534
0,893,135.13888888888889,3546
0,894,126.00000000000001,3546
0,895,119.27777777777781,3546
0,896,132.44444444444449,3546
0,897,128.58333333333334,3558
0,898,127.72222222222224,3558
0,899,137.27777777777777,3558
0,900,141.7777777777778,3594
0,901,127.19444444444444,3624
0,902,131.19444444444446,3678
0,903,140.52777777777777,3684
0,904,127.44444444444444,3684
0,905,129.22222222222223,3690
0,906,132.6111111111111,3690
0,907,142.47222222222223,3690
0,908,144.0,3690
0,909,130.33333333333337,3690
0,910,144.69444444444449,3690
0,911,140.30555555555554,3702
0,912,139.83333333333337,3702
0,913,143.19444444444443,3702
0,914,125.27777777777777,3702
0,915,131.6111111111111,3708
0,916,141.58333333333337,3708
0,917,129.4166666666667,3708
0,918,135.11111111111111,3708
0,919,125.52777777777777,3708
0,920,123.36111111111116,3708
0,921,127.41666666666669,3708
0,922,126.44444444444446,3708
0,923,115.86111111111119,3720
0,924,140.74999999999997,3762
0,925,130.30555555555557,3762
0,926,125.80555555555554,3762
0,927,137.77777777777783,3762
0,928,131.4166666666667,3762
0,929,143.0277777777777,3768
0,930,118.80555555555561,3768
0,931,149.33333333333337,3768
0,932,138.58333333333334,3774
0,933,134.47222222222223,3804
0,934,130.61111111111111,3804
0,935,116.72222222222224,3858
0,936,132.38888888888889,3858
0,937,139.52777777777774,3858
0,938,140.74999999999997,3858
0,939,125.11111111111113,3864
0,940,137.55555555555551,3876
0,941,130.91666666666669,3876
0,942,131.72222222222223,3888
0,943,128.3611111111111,3894
0,944,138.72222222222223,3894
0,945,137.30555555555551,3900
0,946,135.27777777777783,3900
0,947,154.44444444444449,3906
0,948,127.44444444444449,3906
0,949,134.5,3906
0,950,123.08333333333336,3906
0,951,142.6944444444445,3906
0,952,140.41666666666663,3918
0,953,146.80555555555554,3918
0,954,131.02777777777783,3924
0,955,123.88888888888891,3930
0,956,125.97222222222224,3960
0,957,139.33333333333331,3960
0,958,120.72222222222223,3972
0,959,138.2777777777778,3972
0,960,145.97222222222223,3972
0,961,121.16666666666673,3972
0,962,138.91666666666674,3972
0,963,137.13888888888889,3972
0,964,134.91666666666669,3972
0,965,143.9166666666667,3972
0,966,142.6111111111111,3972
0,967,125.33333333333336,3972
0,968,133.55555555555551,3972
0,969,137.08333333333337,3978
0,970,132.36111111111111,3978
0,971,137.94444444444449,3978
0,972,129.58333333333334,3996
0,973,132.47222222222223,3996
0,974,139.41666666666666,3996
0,975,133.86111111111117,4026
0,976,138.88888888888894,4098
0,977,126.88888888888891,4098
0,978,119.30555555555557,4104
0,979,132.3888888888889,4104
0,980,135.86111111111111,4116
0,981,122.61111111111116,4122
0,982,119.44444444444444,4122
0,983,129.02777777777783,4182
0,984,115.50000000000001,4182
0,985,123.13888888888891,4188
0,986,129.75,4206
0,987,140.94444444444443,4206
0,988,119.91666666666667,4212
0,989,153.47222222222223,4212
0,990,135.55555555555554,4224
0,991,147.33333333333331,4248
0,992,134.2777777777778,4254
0,993,133.55555555555557,4260
0,994,133.7222222222222,4260
0,995,131.63888888888889,4266
0,996,136.08333333333334,4272
0,997,132.36111111111114,4272
0,998,133.55555555555557,4296
0,999,142.47222222222226,4302
0,1000,128.30555555555551,4302
1,1,36.44444444444445,0
1,2,33.38888888888889,0
1,3,37.19444444444445,0
1,4,33.222222222222214,0
1,5,36.583333333333336,0
1,6,38.416666666666664,0
1,7,36.722222222222236,0
1,8,33.50000000000001,12
1,9,36.75000000000001,12
1,10,39.6111111111111,24
1,11,35.27777777777777,30
1,12,36.69444444444444,36
1,13,36.83333333333335,36
1,14,39.13888888888891,36
1,15,40.222222222222236,36
1,16,33.63888888888889,36
1,17,44.30555555555557,36
1,18,39.861111111111114,36
1,19,37.22222222222222,36
1,20,38.05555555555556,36
1,21,35.444444444444436,36
1,22,44.833333333333314,36
1,23,45.16666666666668,36
1,24,40.30555555555556,36
1,25,30.08333333333334,36
1,26,30.277777777777786,36
1,27,39.97222222222222,36
1,28,39.8888888888889,36
1,29,33.19444444444446,36
1,30,45.16666666666667,36
1,31,36.27777777777778,36
1,32,41.94444444444444,36
1,33,40.91666666666668,36
1,34,34.19444444444446,36
1,35,36.91666666666667,36
1,36,36.138888888888914,36
1,37,34.916666666666664,36
1,38,41.02777777777779,36
1,39,38.47222222222224,36
1,40,42.19444444444446,36
1,41,41.805555555555564,36
1,42,35.8888888888889,36
1,43,47.861111111111136,36
1,44,37.16666666666666,36
1,45,39.58333333333335,36
1,46,35.08333333333334,36
1,47,40.583333333333336,36
1,48,43.055555555555564,36
1,49,37.83333333333332,36
1,50,39.52777777777777,36
1,51,35.30555555555557,36
1,52,41.05555555555557,36
1,53,35.58333333333334,36
1,54,31.638888888888893,36
1,55,32.50000000000001,36
1,56,37.08333333333334,36
1,57,37.305555555555564,36
1,58,39.77777777777779,36
1,59,33.916666666666686,36
1,60,37.97222222222223,36
1,61,36.55555555555558,36
1,62,39.88888888888889,36
1,63,40.74999999999999,36
1,64,37.49999999999999,36
1,65,42.30555555555555,36
1,66,43.27777777777778,66
1,67,36.27777777777778,66
1,68,39.58333333333336,96
1,69,61.63888888888893,96
1,70,57.694444444444436,96
1,71,57.166666666666686,96
1,72,53.49999999999999,96
1,73,64.94444444444446,96
1,74,66.27777777777779,102
1,75,71.88888888888889,102
1,76,62.25000000000002,102
1,77,58.55555555555556,102
1,78,61.97222222222223,102
1,79,68.11111111111111,102
1,80,36.97222222222224,228
1,81,40.138888888888914,228
1,82,42.5,228
1,83,38.75000000000001,228
1,84,42.22222222222223,228
1,85,44.25,228
1,86,41.222222222222236,228
1,87,41.111111111111136,228
1,88,40.944444444444436,228
1,89,46.69444444444446,228
1,90,41.805555555555564,228
1,91,42.41666666666668,228
1,92,48.277777777777764,228
1,93,45.777777777777786,228
1,94,45.97222222222221,228
1,95,46.36111111111112,228
1,96,47.249999999999986,228
1,97,44.36111111111112,228
1,98,39.66666666666665,228
1,99,52.75000000000001,228
1,100,49.11111111111111,228
1,101,44.97222222222223,228
1,102,41.80555555555555,228
1,103,44.722222222222214,228
1,104,39.166666666666664,228
1,105,49.24999999999999,228
1,106,40.02777777777779,228
1,107,41.88888888888893,228
1,108,46.2777777777778,228
1,109,47.1388888888889,228
1,110,43.97222222222223,228
1,111,41.83333333333333,228
1,112,47.277777777777764,228
1,113,47.58333333333334,234
1,114,47.74999999999999,234
1,115,42.72222222222221,234
1,116,40.86111111111113,234
1,117,43.66666666666668,234
1,118,48.75,234
1,119,47.47222222222221,234
1,120,46.305555555555564,234
1,121,40.916666666666686,234
1,122,43.69444444444444,234
1,123,55.91666666666668,378
1,124,51.083333333333364,378
1,125,54.027777777777786,396
1,126,47.69444444444445,396
1,127,47.666666666666664,402
1,128,48.416666666666664,402
1,129,55.0277777777778,408
1,130,55.388888888888886,408
1,131,56.86111111111112,408
1,132,53.75,408
1,133,61.97222222222224,408
1,134,54.0277777777778,408
1,135,53.805555555555564,414
1,136,48.333333333333336,414
1,137,59.97222222222221,414
1,138,48.69444444444445,414
1,139,52.69444444444446,414
1,140,48.66666666666668,414
1,141,56.02777777777776,414
1,142,62.194444444444436,426
1,143,66.47222222222221,432
1,144,62.444444444444464,432
1,145,48.83333333333335,432
1,146,62.361111111111114,432
1,147,54.333333333333336,444
1,148,65.2777777777778,450
1,149,51.27777777777779,504
1,150,61.22222222222223,516
1,151,51.055555555555564,624
1,152,57.08333333333334,630
1,153,58.222222222222236,630
1,154,57.36111111111112,630
1,155,66.5277777777778,630
1,156,57.02777777777779,630
1,157,58.66666666666666,630
1,158,53.66666666666667,630
1,159,52.0555555555556,630
1,160,51.944444444444436,630
1,161,54.50000000000001,630
1,162,67.0,630
1,163,58.52777777777778,630
1,164,59.55555555555557,630
1,165,64.69444444444446,630
1,166,55.000000000000014,630
1,167,65.19444444444443,672
1,168,60.02777777777777,672
1,169,55.69444444444445,672
1,170,69.97222222222223,672
1,171,59.94444444444445,672
1,172,82.38888888888887,696
1,173,89.91666666666664,708
1,174,97.0,714
1,175,81.3888888888889,714
1,176,82.80555555555557,714
1,177,87.69444444444447,714
1,178,89.13888888888884,714
1,179,85.44444444444441,714
1,180,85.55555555555553,714
1,181,90.91666666666669,726
1,182,81.66666666666666,726
1,183,83.19444444444441,726
1,184,81.33333333333336,732
1,185,70.22222222222226,744
1,186,77.69444444444443,744
1,187,83.22222222222224,744
1,188,68.63888888888889,744
1,189,82.61111111111113,744
1,190,79.6666666666667,744
1,191,78.83333333333336,744
1,192,76.30555555555556,744
1,193,74.66666666666664,744
1,194,88.86111111111109,744
1,195,82.22222222222224,744
1,196,81.66666666666664,768
1,197,96.30555555555551,768
1,198,87.97222222222224,768
1,199,73.58333333333331,768
1,200,73.30555555555556,768
1,201,73.6666666666667,774
1,202,67.55555555555559,774
1,203,88.88888888888889,780
1,204,86.3611111111111,798
1,205,78.83333333333333,810
1,206,83.55555555555556,840
1,207,93.22222222222223,912
1,208,101.16666666666669,912
1,209,85.5,948
1,210,88.47222222222221,966
1,211,94.52777777777783,966
1,212,105.91666666666669,966
1,213,92.16666666666666,966
1,214,106.94444444444441,966
1,215,96.63888888888886,984
1,216,93.0,984
1,217,91.83333333333333,984
1,218,97.72222222222223,984
1,219,96.47222222222221,984
1,220,82.5833333333334,984
1,221,99.94444444444446,984
1,222,80.27777777777776,1008
1,223,100.55555555555563,1014
1,224,103.66666666666666,1014
1,225,93.80555555555554,1038
1,226,96.33333333333334,1044
1,227,97.94444444444451,1044
1,228,87.72222222222223,1044
1,229,96.2777777777778,1044
1,230,103.50000000000003,1050
1,231,90.58333333333336,1050
1,232,124.80555555555557,1050
1,233,107.88888888888887,1050
1,234,98.41666666666669,1050
1,235,117.5555555555556,1056
1,236,124.02777777777779,1056
1,237,110.77777777777774,1056
1,238,139.97222222222229,1056
1,239,130.58333333333337,1056
1,240,130.55555555555563,1086
1,241,111.80555555555554,1110
1,242,117.66666666666664,1110
1,243,133.55555555555557,1110
1,244,112.50000000000004,1110
1,245,112.94444444444444,1110
1,246,122.2777777777778,1116
1,247,125.4166666666667,1116
1,248,133.30555555555557,1116
1,249,106.38888888888886,1116
1,250,97.13888888888894,1116
1,251,132.9166666666667,1116
1,252,125.75000000000006,1116
1,253,98.33333333333337,1116
1,254,128.38888888888894,1116
1,255,114.58333333333334,1116
1,256,121.47222222222227,1116
1,257,123.75000000000001,1122
1,258,112.69444444444447,1122
1,259,102.80555555555564,1122
1,260,106.69444444444444,1122
1,261,125.58333333333336,1170
1,262,128.77777777777786,1188
1,263,129.38888888888886,1212
1,264,122.11111111111111,1218
1,265,124.36111111111123,1218
1,266,124.38888888888894,1236
1,267,100.61111111111113,1236
1,268,130.6388888888889,1242
1,269,130.77777777777783,1242
1,270,132.19444444444449,1242
1,271,137.66666666666666,1248
1,272,123.80555555555561,1248
1,273,111.41666666666669,1248
1,274,130.19444444444443,1248
1,275,126.97222222222219,1266
1,276,111.97222222222219,1266
1,277,114.44444444444449,1266
1,278,113.3888888888889,1266
1,279,110.99999999999999,1266
1,280,113.30555555555561,1266
1,281,97.94444444444449,1266
1,282,116.69444444444447,1266
1,283,98.99999999999999,1272
1,284,121.86111111111116,1284
1,285,106.72222222222224,1290
1,286,117.3055555555556,1290
1,287,119.83333333333334,1296
1,288,120.58333333333337,1296
1,289,116.75000000000001,1296
1,290,127.52777777777774,1302
1,291,110.69444444444447,1302
1,292,131.88888888888886,1326
1,293,120.30555555555559,1332
1,294,123.13888888888894,1344
1,295,124.08333333333339,1344
1,296,119.2777777777778,1344
1,297,104.00000000000003,1380
1,298,123.50000000000006,1380
1,299,101.13888888888897,1386
1,300,107.97222222222224,1392
1,301,110.52777777777779,1398
1,302,114.16666666666667,1404
1,303,118.4166666666667,1416
1,304,112.61111111111119,1416
1,305,127.5,1428
1,306,136.83333333333337,1428
1,307,119.0,1434
1,308,127.08333333333337,1446
1,309,94.63888888888889,1446
1,310,143.58333333333343,1446
1,311,130.77777777777786,1452
1,312,132.55555555555563,1452
1,313,123.33333333333333,1458
1,314,111.27777777777784,1524
1,315,113.38888888888889,1530
1,316,127.22222222222226,1536
1,317,111.5277777777778,1554
1,318,125.38888888888893,1554
1,319,111.08333333333333,1560
1,320,108.19444444444446,1560
1,321,119.33333333333336,1560
1,322,128.36111111111114,1602
1,323,122.50000000000004,1608
1,324,108.5555555555556,1614
1,325,109.05555555555554,1614
1,326,118.80555555555559,1626
1,327,117.97222222222224,1626
1,328,138.44444444444446,1686
1,329,113.72222222222223,1686
1,330,105.77777777777776,1710
1,331,113.74999999999999,1710
1,332,125.38888888888893,1716
1,333,133.44444444444443,1716
1,334,124.72222222222227,1740
1,335,103.00000000000006,1746
1,336,119.02777777777783,1752
1,337,116.52777777777779,1758
1,338,117.08333333333336,1758
1,339,117.44444444444451,1758
1,340,127.02777777777783,1770
1,341,123.41666666666673,1770
1,342,122.72222222222224,1770
1,343,124.08333333333339,1770
1,344,93.3611111111111,1770
1,345,127.44444444444454,1776
1,346,125.58333333333334,1782
1,347,122.88888888888891,1782
1,348,114.58333333333339,1782
1,349,112.86111111111111,1782
1,350,130.36111111111111,1782
1,351,118.16666666666671,1782
1,352,125.3333333333334,1806
1,353,117.77777777777779,1812
1,354,116.86111111111109,1836
1,355,129.27777777777774,1842
1,356,111.30555555555557,1848
1,357,101.27777777777779,1848
1,358,133.13888888888894,1848
1,359,110.49999999999999,1854
1,360,127.8888888888889,1854
1,361,121.19444444444444,1854
1,362,118.25,1854
1,363,126.97222222222229,1854
1,364,96.8055555555556,1854
1,365,107.2777777777778,1854
1,366,90.80555555555557,1854
1,367,108.61111111111114,2076
1,368,134.8055555555556,2292
1,369,145.75000000000006,2430
1,370,132.02777777777783,2430
1,371,126.41666666666669,2436
1,372,122.86111111111116,2568
1,373,111.00000000000001,2568
1,374,123.80555555555553,2580
1,375,130.88888888888894,2580
1,376,118.91666666666671,2580
1,377,122.22222222222229,2580
1,378,138.00000000000003,2580
1,379,147.72222222222223,2580
1,380,109.8055555555556,2580
1,381,131.69444444444449,2580
1,382,126.50000000000004,2688
1,383,118.08333333333336,2934
1,384,119.25000000000003,3078
1,385,119.25000000000006,3090
1,386,108.61111111111107,3096
1,387,130.55555555555557,3096
1,388,130.08333333333331,3102
1,389,151.52777777777774,3102
1,390,122.72222222222223,3102
1,391,102.19444444444441,3102
1,392,137.11111111111114,3102
1,393,135.25000000000003,3102
1,394,124.02777777777779,3102
1,395,123.80555555555556,3108
1,396,136.80555555555551,3108
1,397,130.0833333333334,3108
1,398,137.72222222222223,3108
1,399,116.52777777777777,3126
1,400,140.97222222222223,3126
1,401,135.6666666666667,3126
1,402,143.77777777777777,3138
1,403,119.83333333333334,3144
1,404,130.58333333333331,3150
1,405,138.61111111111114,3150
1,406,124.63888888888891,3150
1,407,121.91666666666671,3150
1,408,127.1944444444445,3156
1,409,132.6388888888888,3168
1,410,127.05555555555556,3168
1,411,142.4166666666667,3168
1,412,134.24999999999997,3168
1,413,144.58333333333334,3168
1,414,122.94444444444446,3168
1,415,138.8333333333334,3168
1,416,119.41666666666667,3168
1,417,114.52777777777779,3168
1,418,125.13888888888891,3168
1,419,146.08333333333343,3180
1,420,110.13888888888899,3186
1,421,131.11111111111114,3216
1,422,126.02777777777784,3216
1,423,120.97222222222226,3216
1,424,123.27777777777779,3216
1,425,131.9166666666667,3216
1,426,141.0,3216
1,427,130.63888888888889,3216
1,428,133.3333333333334,3234
1,429,139.99999999999994,3234
1,430,123.52777777777781,3234
1,431,139.8055555555556,3234
1,432,135.19444444444449,3234
1,433,118.30555555555559,3240
1,434,133.88888888888894,3246
1,435,120.94444444444449,3246
1,436,139.66666666666669,3246
1,437,133.30555555555554,3258
1,438,129.77777777777783,3264
1,439,130.55555555555557,3264
1,440,124.52777777777777,3264
1,441,120.22222222222223,3270
1,442,143.6666666666667,3276
1,443,127.55555555555553,3276
1,444,136.80555555555563,3294
1,445,121.58333333333334,3300
1,446,126.55555555555554,3300
1,447,130.38888888888889,3300
1,448,134.75,3306
1,449,144.69444444444443,3306
1,450,123.72222222222221,3312
1,451,134.13888888888889,3312
1,452,115.4166666666667,3318
1,453,116.52777777777777,3318
1,454,138.30555555555566,3324
1,455,122.61111111111109,3324
1,456,135.9166666666667,3330
1,457,128.00000000000003,3336
1,458,137.5,3348
1,459,139.44444444444449,3348
1,460,135.0833333333334,3348
1,461,131.33333333333334,3348
1,462,127.52777777777781,3348
1,463,144.77777777777786,3348
1,464,128.08333333333337,3348
1,465,136.1666666666667,3348
1,466,132.69444444444446,3348
1,467,123.33333333333334,3348
1,468,121.6111111111111,3348
1,469,129.72222222222226,3348
1,470,138.16666666666674,3348
1,471,136.63888888888894,3348
1,472,132.52777777777777,3348
1,473,133.00000000000006,3348
1,474,122.91666666666669,3354
1,475,130.33333333333334,3366
1,476,123.02777777777779,3366
1,477,125.05555555555556,3378
1,478,115.7222222222223,3378
1,479,123.16666666666671,3378
1,480,133.38888888888889,3468
1,481,114.05555555555556,3474
1,482,145.16666666666669,3492
1,483,138.77777777777783,3492
1,484,139.9166666666667,3498
1,485,133.80555555555557,3498
1,486,130.83333333333334,3498
1,487,142.19444444444443,3498
1,488,132.97222222222223,3510
1,489,143.3888888888889,3510
1,490,133.02777777777783,3522
1,491,119.25000000000001,3522
1,492,126.94444444444446,3534
1,493,129.19444444444443,3534
1,494,118.63888888888893,3534
1,495,139.63888888888894,3546
1,496,132.9444444444445,3564
1,497,138.58333333333343,3564
1,498,143.0555555555556,3564
1,499,142.38888888888889,3582
1,500,131.22222222222226,3582
1,501,122.80555555555559,3594
1,502,139.11111111111111,3600
1,503,124.86111111111116,3600
1,504,113.22222222222217,3600
1,505,113.1388888888889,3600
1,506,135.8611111111112,3606
1,507,138.41666666666669,3618
1,508,132.61111111111117,3618
1,509,125.33333333333331,3624
1,510,134.19444444444446,3624
1,511,116.50000000000003,3624
1,512,131.61111111111114,3648
1,513,135.9722222222222,3678
1,514,119.61111111111116,3684
1,515,122.44444444444449,3690
1,516,122.0,3702
1,517,140.27777777777777,3702
1,518,134.47222222222226,3708
1,519,143.11111111111111,3720
1,520,143.83333333333343,3726
1,521,142.25,3732
1,522,132.6666666666667,3738
1,523,125.27777777777779,3738
1,524,127.25000000000001,3744
1,525,138.63888888888894,3750
1,526,123.55555555555553,3756
1,527,143.22222222222223,3756
1,528,116.94444444444441,3774
1,529,133.25,3774
1,530,132.13888888888897,3774
1,531,124.0277777777778,3774
1,532,140.22222222222226,3774
1,533,144.74999999999994,3774
1,534,116.30555555555554,3786
1,535,97.38888888888886,3786
1,536,131.5277777777778,3786
1,537,114.83333333333336,3804
1,538,117.58333333333343,3810
1,539,126.25000000000004,3816
1,540,134.02777777777777,3816
1,541,138.41666666666669,3828
1,542,146.44444444444443,3834
1,543,150.88888888888889,3834
1,544,150.00000000000006,3834
1,545,130.08333333333334,3834
1,546,140.2777777777777,3852
1,547,119.0833333333334,3864
1,548,138.72222222222223,3888
1,549,107.55555555555559,3900
1,550,121.27777777777777,3900
1,551,120.69444444444449,3900
1,552,139.1944444444444,3900
1,553,125.8055555555556,3912
1,554,130.36111111111114,3924
1,555,139.05555555555563,3924
1,556,141.91666666666669,3936
1,557,122.02777777777779,3936
1,558,124.55555555555559,3936
1,559,136.4722222222223,3936
1,560,141.9166666666667,3936
1,561,136.83333333333337,3936
1,562,120.08333333333333,3936
1,563,131.02777777777783,3936
1,564,125.16666666666661,3942
1,565,156.69444444444437,3942
1,566,126.63888888888893,3942
1,567,137.91666666666669,3942
1,568,140.44444444444446,3954
1,569,147.66666666666669,3978
1,570,132.36111111111114,3990
1,571,139.22222222222226,4032
1,572,134.19444444444449,4050
1,573,132.75,4056
1,574,115.66666666666667,4062
1,575,144.4166666666667,4068
1,576,116.94444444444446,4068
1,577,130.3333333333334,4068
1,578,111.05555555555559,4068
1,579,137.22222222222226,4068
1,580,107.47222222222224,4068
1,581,140.7777777777778,4074
1,582,135.86111111111114,4080
1,583,127.16666666666664,4080
1,584,122.8888888888889,4086
1,585,120.1111111111111,4086
1,586,115.33333333333331,4086
1,587,124.55555555555559,4092
1,588,149.3611111111111,4104
1,589,122.63888888888893,4104
1,590,131.16666666666669,4104
1,591,118.38888888888891,4104
1,592,150.63888888888894,4104
1,593,122.69444444444446,4110
1,594,129.91666666666669,4152
1,595,126.16666666666666,4170
1,596,138.3611111111111,4170
1,597,149.0277777777778,4176
1,598,137.61111111111111,4176
1,599,131.30555555555557,4176
1,600,140.41666666666674,4176
1,601,140.6944444444444,4176
1,602,136.11111111111106,4182
1,603,137.1944444444444,4182
1,604,141.0833333333334,4182
1,605,126.44444444444449,4188
1,606,139.05555555555557,4200
1,607,133.22222222222226,4200
1,608,136.99999999999997,4212
1,609,133.16666666666674,4212
1,610,119.30555555555553,4218
1,611,130.97222222222223,4218
1,612,127.4444444444445,4224
1,613,138.25000000000003,4242
1,614,138.30555555555557,4242
1,615,144.25000000000003,4242
1,616,140.02777777777777,4242
1,617,140.72222222222223,4242
1,618,110.75000000000004,4242
1,619,126.6666666666667,4248
1,620,128.49999999999997,4266
1,621,121.52777777777777,4266
1,622,135.50000000000006,4266
1,623,122.75000000000001,4272
1,624,135.77777777777786,4308
1,625,130.86111111111114,4308
1,626,138.61111111111111,4308
1,627,121.88888888888889,4332
1,628,118.47222222222224,4332
1,629,128.33333333333337,4332
1,630,143.00000000000003,4338
1,631,117.41666666666667,4344
1,632,134.00000000000006,4350
1,633,139.8888888888889,4362
1,634,134.69444444444449,4374
1,635,139.47222222222226,4380
1,636,118.02777777777779,4380
1,637,133.44444444444446,4380
1,638,128.50000000000003,4380
1,639,149.5833333333333,4380
1,640,155.22222222222229,4380
1,641,137.52777777777786,4380
1,642,119.1666666666667,4398
1,643,135.47222222222223,4398
1,644,130.5,4398
1,645,123.3333333333333,4398
1,646,134.25000000000006,4398
1,647,131.94444444444449,4398
1,648,146.30555555555563,4398
1,649,106.52777777777781,4398
1,650,118.30555555555554,4404
1,651,120.27777777777777,4404
1,652,119.77777777777781,4410
1,653,120.9166666666667,4410
1,654,132.3611111111111,4410
1,655,137.6666666666667,4434
1,656,158.52777777777786,4434
1,657,135.77777777777777,4434
1,658,133.69444444444446,4434
1,659,118.77777777777777,4434
1,660,123.80555555555557,4434
1,661,138.30555555555554,4440
1,662,154.3888888888889,4440
1,663,140.0833333333333,4452
1,664,131.30555555555557,4470
1,665,117.36111111111109,4476
1,666,117.13888888888893,4542
1,667,143.0833333333334,4542
1,668,119.97222222222221,4548
1,669,119.50000000000004,4560
1,670,126.47222222222219,4560
1,671,141.33333333333334,4560
1,672,141.0,4560
1,673,133.52777777777786,4560
1,674,116.80555555555559,4560
1,675,129.16666666666669,4560
1,676,122.19444444444444,4566
1,677,129.08333333333334,4572
1,678,134.19444444444446,4572
1,679,136.63888888888894,4572
1,680,130.16666666666669,4578
1,681,137.91666666666666,4602
1,682,129.77777777777783,4602
1,683,138.0277777777777,4650
1,684,128.25,4650
1,685,139.30555555555563,4650
1,686,139.05555555555551,4650
1,687,119.7777777777778,4650
1,688,119.9166666666667,4650
1,689,141.30555555555557,4650
1,690,136.30555555555554,4650
1,691,140.1666666666667,4650
1,692,134.33333333333343,4650
1,693,148.3611111111111,4650
1,694,127.38888888888886,4650
1,695,153.33333333333337,4650
1,696,155.88888888888894,4650
1,697,146.02777777777777,4656
1,698,123.05555555555553,4656
1,699,128.0555555555556,4656
1,700,125.08333333333333,4656
1,701,133.1388888888889,4656
1,702,143.97222222222214,4674
1,703,128.86111111111111,4692
1,704,128.25,4692
1,705,136.24999999999997,4692
1,706,146.77777777777777,4692
1,707,145.52777777777786,4692
1,708,143.61111111111114,4692
1,709,127.22222222222227,4692
1,710,154.88888888888894,4692
1,711,132.47222222222226,4692
1,712,159.66666666666674,5022
1,713,156.0277777777778,5448
1,714,150.41666666666669,5916
1,715,155.77777777777783,5922
1,716,138.4722222222222,6270
1,717,136.36111111111117,6270
1,718,131.6944444444445,6270
1,719,125.97222222222221,6270
1,720,134.61111111111111,6270
1,721,142.08333333333343,6282
1,722,150.7222222222222,6282
1,723,136.66666666666666,6282
1,724,139.08333333333331,6288
1,725,148.83333333333337,6288
1,726,142.75000000000009,6294
1,727,142.08333333333337,6294
1,728,147.5555555555556,6300
1,729,133.94444444444443,6306
1,730,140.36111111111111,6306
1,731,134.47222222222226,6312
1,732,151.80555555555563,6318
1,733,144.33333333333334,6324
1,734,142.00000000000003,6324
1,735,145.08333333333334,6324
1,736,142.44444444444443,6324
1,737,136.83333333333331,6324
1,738,126.24999999999999,6324
1,739,107.38888888888891,6684
1,740,121.3055555555555,6702
1,741,104.33333333333333,6804
1,742,111.00000000000003,6894
1,743,104.22222222222224,6894
1,744,110.77777777777777,6978
1,745,103.11111111111111,7086
1,746,109.80555555555553,7086
1,747,108.66666666666663,7086
1,748,103.0277777777778,7092
1,749,106.63888888888889,7092
1,750,100.02777777777774,7092
1,751,100.58333333333336,7092
1,752,101.52777777777781,7092
1,753,115.08333333333334,7092
1,754,96.86111111111107,7092
1,755,108.74999999999997,7092
1,756,101.36111111111113,7092
1,757,112.52777777777783,7098
1,758,97.77777777777776,7098
1,759,105.97222222222226,7110
1,760,110.55555555555553,7110
1,761,108.1111111111111,7110
1,762,106.77777777777779,7110
1,763,98.52777777777779,7110
1,764,99.22222222222226,7110
1,765,103.05555555555556,7110
1,766,103.61111111111111,7122
1,767,99.91666666666663,7122
1,768,106.63888888888889,7176
1,769,107.44444444444449,7236
1,770,104.86111111111111,7242
1,771,102.83333333333339,7272
1,772,113.02777777777781,7278
1,773,106.22222222222223,7284
1,774,101.4166666666667,7308
1,775,98.86111111111109,7308
1,776,110.08333333333339,7308
1,777,102.7777777777777,7308
1,778,101.58333333333334,7314
1,779,112.55555555555551,7320
1,780,100.0833333333333,7326
1,781,105.02777777777771,7344
1,782,119.61111111111111,7350
1,783,101.52777777777776,7350
1,784,108.11111111111111,7350
1,785,107.66666666666666,7350
1,786,109.94444444444446,7350
1,787,124.44444444444444,7356
1,788,100.50000000000003,7356
1,789,111.02777777777776,7362
1,790,109.49999999999994,7362
1,791,102.91666666666666,7374
1,792,110.27777777777773,7374
1,793,105.99999999999999,7374
1,794,100.27777777777776,7374
1,795,107.22222222222219,7374
1,796,103.58333333333337,7374
1,797,105.99999999999999,7398
1,798,103.36111111111116,7428
1,799,108.16666666666664,7434
1,800,100.5277777777778,7470
1,801,106.08333333333333,7488
1,802,108.36111111111107,7494
1,803,110.58333333333334,7494
1,804,96.88888888888887,7494
1,805,110.55555555555554,7548
1,806,99.94444444444444,7548
1,807,97.83333333333336,7548
1,808,103.27777777777777,7548
1,809,113.44444444444446,7548
1,810,103.02777777777779,7548
1,811,104.63888888888889,7548
1,812,107.02777777777776,7548
1,813,113.49999999999996,7560
1,814,103.19444444444437,7572
1,815,106.1944444444444,7578
1,816,105.86111111111113,7590
1,817,124.36111111111109,7590
1,818,145.25000000000003,7590
1,819,127.30555555555553,7602
1,820,149.6666666666667,7602
1,821,153.77777777777771,7602
1,822,144.88888888888889,7602
1,823,138.88888888888883,7602
1,824,148.52777777777786,7602
1,825,152.8611111111111,7602
1,826,130.77777777777783,7602
1,827,141.11111111111111,7602
1,828,151.88888888888894,7602
1,829,164.02777777777783,7602
1,830,149.55555555555557,7608
1,831,143.19444444444449,7662
1,832,166.22222222222229,7716
1,833,97.77777777777783,7716
1,834,107.44444444444446,7716
1,835,96.58333333333336,7758
1,836,118.6944444444444,7764
1,837,102.47222222222221,7764
1,838,102.66666666666666,7764
1,839,97.97222222222227,7770
1,840,110.38888888888891,7770
1,841,106.27777777777779,7770
1,842,103.88888888888886,7770
1,843,108.4166666666667,7770
1,844,112.4166666666667,7770
1,845,113.1111111111111,7782
1,846,104.47222222222223,7794
1,847,112.88888888888886,7812
1,848,126.27777777777776,7824
1,849,150.11111111111117,7824
1,850,142.08333333333337,7824
1,851,137.08333333333334,7824
1,852,142.94444444444446,7842
1,853,172.7777777777778,7848
1,854,155.55555555555554,7848
1,855,138.7777777777778,7848
1,856,134.24999999999997,7848
1,857,140.8611111111111,7848
1,858,139.49999999999997,7854
1,859,164.50000000000006,7860
1,860,118.9722222222222,7872
1,861,131.5,7878
1,862,155.33333333333334,7884
1,863,152.69444444444443,7884
1,864,156.30555555555551,7890
1,865,157.1111111111112,7896
1,866,146.19444444444446,7896
1,867,145.02777777777777,7908
1,868,148.72222222222226,7908
1,869,124.55555555555556,7938
1,870,130.11111111111114,7944
1,871,138.49999999999997,7950
1,872,145.05555555555557,7950
1,873,147.50000000000003,8004
1,874,146.5555555555555,8010
1,875,136.69444444444446,8022
1,876,139.08333333333331,8022
1,877,148.36111111111114,8022
1,878,126.33333333333339,8022
1,879,147.69444444444449,8028
1,880,133.97222222222229,8040
1,881,122.47222222222221,8040
1,882,160.86111111111111,8040
1,883,131.8888888888889,8046
1,884,142.47222222222223,8046
1,885,155.41666666666669,8052
1,886,150.3333333333334,8052
1,887,143.05555555555557,8052
1,888,146.02777777777783,8052
1,889,146.69444444444446,8052
1,890,124.08333333333336,8058
1,891,133.5,8058
1,892,137.13888888888889,8058
1,893,152.88888888888889,8058
1,894,159.36111111111114,8058
1,895,140.36111111111111,8058
1,896,167.8888888888889,8058
1,897,154.0,8058
1,898,152.61111111111111,8064
1,899,136.11111111111111,8064
1,900,132.33333333333326,8064
1,901,157.50000000000003,8064
1,902,152.0,8064
1,903,126.08333333333329,8064
1,904,168.30555555555557,8112
1,905,173.5277777777778,8112
1,906,156.02777777777774,8130
1,907,132.13888888888889,8142
1,908,145.0,8142
1,909,161.41666666666677,8142
1,910,156.27777777777777,8142
1,911,145.25000000000003,8142
1,912,132.86111111111111,8160
1,913,145.58333333333331,8166
1,914,135.0277777777778,8208
1,915,157.27777777777786,8214
1,916,160.19444444444449,8214
1,917,147.97222222222223,8214
1,918,111.58333333333327,8214
1,919,106.25000000000003,8220
1,920,103.58333333333333,8286
1,921,109.55555555555553,8286
1,922,104.5,8292
1,923,157.97222222222226,8316
1,924,142.72222222222223,8316
1,925,163.69444444444449,8316
1,926,150.97222222222217,8322
1,927,159.52777777777777,8322
1,928,152.3055555555555,8322
1,929,180.50000000000006,8322
1,930,156.52777777777777,8322
1,931,164.55555555555557,8322
1,932,154.27777777777789,8322
1,933,157.41666666666669,8340
1,934,155.97222222222223,8352
1,935,133.63888888888889,8388
1,936,142.13888888888894,8388
1,937,125.5833333333334,8388
1,938,155.44444444444446,8400
1,939,161.52777777777777,8400
1,940,138.3888888888889,8400
1,941,145.2222222222222,8412
1,942,161.888888888889,8412
1,943,134.33333333333337,8424
1,944,162.19444444444443,8430
1,945,141.00000000000009,8436
1,946,133.94444444444449,8442
1,947,140.3333333333334,8442
1,948,147.6666666666667,8442
1,949,156.72222222222226,8442
1,950,155.58333333333334,8442
1,951,146.69444444444457,8442
1,952,173.02777777777777,8442
1,953,145.75000000000003,8454
1,954,151.80555555555563,8460
1,955,140.72222222222226,8466
1,956,119.3611111111111,8466
1,957,143.11111111111114,8478
1,958,161.27777777777777,8478
1,959,129.36111111111111,8484
1,960,140.22222222222229,8490
1,961,143.27777777777783,8490
1,962,152.86111111111114,8496
1,963,148.38888888888897,8496
1,964,152.7222222222222,8496
1,965,146.61111111111111,8496
1,966,173.7777777777778,8550
1,967,142.0277777777778,8622
1,968,138.61111111111114,8622
1,969,156.41666666666669,8634
1,970,131.22222222222229,8634
1,971,141.0555555555556,8676
1,972,145.80555555555554,8694
1,973,127.33333333333337,8694
1,974,147.22222222222217,8700
1,975,148.25,8700
1,976,155.52777777777774,8700
1,977,137.16666666666669,8700
1,978,154.36111111111111,8700
1,979,154.8888888888889,8736
1,980,155.41666666666674,8742
1,981,142.02777777777783,8742
1,982,151.44444444444446,8742
1,983,154.83333333333343,8754
1,984,159.6111111111112,8766
1,985,144.9166666666667,8766
1,986,154.00000000000014,8766
1,987,146.02777777777783,8772
1,988,138.52777777777786,8772
1,989,140.22222222222226,8778
1,990,143.02777777777774,8778
1,991,147.6388888888889,8778
1,992,142.69444444444446,8778
1,993,143.52777777777777,8778
1,994,151.6666666666667,8784
1,995,143.3888888888889,8784
1,996,150.88888888888889,8790
1,997,152.36111111111111,8790
1,998,151.44444444444446,8790
1,999,136.05555555555557,8790
1,1000,148.3055555555555,8790
2,1,39.08333333333334,0
2,2,32.19444444444445,0
2,3,34.583333333333336,12
2,4,33.58333333333334,12
2,5,36.55555555555556,12
2,6,41.11111111111113,12
2,7,36.888888888888886,12
2,8,42.750000000000014,12
2,9,34.777777777777786,12
2,10,35.805555555555564,18
2,11,51.25000000000001,24
2,12,37.33333333333334,24
2,13,41.11111111111111,24
2,14,40.25000000000001,30
2,15,45.66666666666668,30
2,16,35.13888888888887,36
2,17,46.75000000000002,42
2,18,41.333333333333336,42
2,19,81.97222222222221,48
2,20,70.41666666666667,48
2,21,85.3611111111111,54
2,22,78.47222222222223,54
2,23,96.38888888888887,54
2,24,79.22222222222224,54
2,25,73.47222222222223,54
2,26,65.13888888888891,60
2,27,58.388888888888914,60
2,28,68.33333333333333,60
2,29,87.86111111111109,60
2,30,65.9722222222222,60
2,31,78.02777777777777,60
2,32,80.99999999999999,60
2,33,61.222222222222214,60
2,34,66.11111111111114,60
2,35,80.91666666666664,60
2,36,82.72222222222217,60
2,37,73.47222222222224,60
2,38,64.52777777777777,60
2,39,86.2777777777778,60
2,40,77.75000000000004,60
2,41,77.22222222222221,60
2,42,70.9722222222222,60
2,43,75.0277777777778,60
2,44,78.83333333333334,60
2,45,61.44444444444446,60
2,46,77.74999999999999,60
2,47,80.30555555555554,60
2,48,71.52777777777777,60
2,49,73.25000000000001,60
2,50,81.63888888888887,60
2,51,85.08333333333333,78
2,52,92.99999999999999,84
2,53,86.69444444444447,114
2,54,88.83333333333331,114
2,55,87.94444444444443,114
2,56,97.27777777777779,120
2,57,93.97222222222224,120
2,58,96.22222222222216,120
2,59,88.44444444444443,120
2,60,95.27777777777774,120
2,61,95.22222222222226,120
2,62,94.77777777777777,120
2,63,87.97222222222221,120
2,64,79.63888888888887,120
2,65,107.47222222222221,120
2,66,90.86111111111114,120
2,67,91.86111111111107,120
2,68,88.63888888888891,120
2,69,89.3611111111111,120
2,70,80.77777777777777,120
2,71,84.50000000000001,120
2,72,91.02777777777779,120
2,73,101.05555555555557,144
2,74,75.2222222222222,144
2,75,91.25000000000001,144
2,76,84.52777777777776,144
2,77,113.77777777777777,144
2,78,90.80555555555557,144
2,79,89.47222222222226,144
2,80,95.33333333333331,144
2,81,79.83333333333333,156
2,82,111.33333333333333,156
2,83,92.11111111111114,162
2,84,96.38888888888886,162
2,85,100.91666666666663,162
2,86,95.08333333333337,162
2,87,96.61111111111111,162
2,88,87.05555555555557,162
2,89,89.77777777777777,168
2,90,93.24999999999996,180
2,91,96.00000000000003,180
2,92,94.91666666666667,180
2,93,98.16666666666664,186
2,94,77.97222222222224,186
2,95,95.91666666666664,186
2,96,76.44444444444446,186
2,97,92.72222222222221,186
2,98,88.47222222222219,186
2,99,99.24999999999997,186
2,100,94.6111111111111,186
2,101,97.55555555555556,186
2,102,99.05555555555554,186
2,103,100.55555555555556,186
2,104,96.80555555555554,186
2,105,77.41666666666669,186
2,106,99.91666666666666,186
2,107,92.24999999999999,186
2,108,80.47222222222223,186
2,109,91.38888888888887,186
2,110,79.27777777777777,186
2,111,78.72222222222219,186
2,112,88.3611111111111,186
2,113,104.66666666666667,186
2,114,86.55555555555553,186
2,115,92.9722222222222,186
2,116,90.36111111111111,186
2,117,91.19444444444444,186
2,118,94.33333333333334,186
2,119,94.19444444444439,186
2,120,94.30555555555553,186
2,121,93.97222222222219,186
2,122,95.24999999999999,186
2,123,107.49999999999997,186
2,124,99.6944444444444,186
2,125,121.58333333333334,186
2,126,87.91666666666664,192
2,127,79.00000000000003,198
2,128,91.11111111111107,198
2,129,92.94444444444444,198
2,130,94.69444444444441,198
2,131,105.58333333333336,198
2,132,89.38888888888883,198
2,133,81.36111111111111,246
2,134,100.27777777777773,246
2,135,91.1944444444444,282
2,136,100.9166666666667,282
2,137,109.02777777777774,282
2,138,86.99999999999999,282
2,139,108.75,288
2,140,96.63888888888886,288
2,141,93.94444444444447,288
2,142,106.94444444444446,288
2,143,87.61111111111109,288
2,144,104.99999999999997,288
2,145,105.27777777777773,288
2,146,98.08333333333331,318
2,147,100.6944444444444,318
2,148,87.33333333333333,318
2,149,106.44444444444441,324
2,150,101.33333333333333,324
2,151,84.05555555555557,324
2,152,101.83333333333333,324
2,153,105.91666666666664,324
2,154,101.72222222222213,336
2,155,89.19444444444441,336
2,156,105.61111111111106,336
2,157,87.9722222222222,336
2,158,96.6388888888889,342
2,159,98.38888888888889,348
2,160,99.41666666666664,348
2,161,117.55555555555551,348
2,162,97.5833333333333,348
2,163,96.69444444444443,348
2,164,93.9444444444444,390
2,165,108.3611111111111,408
2,166,98.44444444444446,522
2,167,94.44444444444444,624
2,168,87.38888888888887,624
2,169,106.86111111111109,624
2,170,86.97222222222221,624
2,171,93.80555555555556,624
2,172,101.36111111111113,624
2,173,96.99999999999999,624
2,174,99.30555555555554,624
2,175,97.49999999999996,624
2,176,103.97222222222224,624
2,177,103.91666666666666,624
2,178,97.4166666666666,624
2,179,102.63888888888884,672
2,180,100.19444444444443,672
2,181,104.61111111111109,672
2,182,98.19444444444444,672
2,183,105.00000000000004,672
2,184,79.97222222222223,672
2,185,90.77777777777777,672
2,186,90.08333333333333,672
2,187,108.11111111111106,672
2,188,96.69444444444441,672
2,189,104.61111111111111,690
2,190,101.27777777777777,726
2,191,88.38888888888891,726
2,192,100.52777777777773,774
2,193,105.08333333333331,882
2,194,110.19444444444451,900
2,195,97.86111111111109,900
2,196,104.25,900
2,197,101.47222222222221,900
2,198,97.41666666666666,900
2,199,103.38888888888886,900
2,200,101.33333333333331,900
2,201,90.36111111111109,900
2,202,100.33333333333334,900
2,203,94.94444444444443,900
2,204,92.77777777777779,900
2,205,99.88888888888884,900
2,206,103.55555555555551,900
2,207,111.27777777777773,900
2,208,109.08333333333331,900
2,209,107.9722222222222,930
2,210,113.16666666666666,1152
2,211,116.69444444444437,1218
2,212,66.72222222222223,1218
2,213,64.66666666666666,1218
2,214,60.888888888888886,1218
2,215,59.91666666666667,1224
2,216,57.361111111111086,1224
2,217,69.3611111111111,1224
2,218,65.52777777777777,1224
2,219,56.638888888888886,1224
2,220,63.25,1224
2,221,57.0,1224
2,222,59.916666666666664,1224
2,223,64.0,1224
2,224,61.305555555555564,1224
2,225,59.52777777777778,1224
2,226,71.55555555555557,1224
2,227,59.86111111111111,1224
2,228,67.99999999999999,1224
2,229,71.05555555555554,1224
2,230,64.11111111111111,1224
2,231,74.88888888888887,1254
2,232,70.55555555555556,1254
2,233,64.69444444444446,1254
2,234,75.27777777777779,1284
2,235,75.58333333333331,1284
2,236,76.38888888888886,1284
2,237,78.77777777777783,1314
2,238,74.94444444444444,1392
2,239,74.3611111111111,1398
2,240,99.83333333333336,1398
2,241,85.11111111111111,1452
2,242,81.69444444444447,1452
2,243,97.1388888888889,1452
2,244,89.33333333333333,1452
2,245,111.33333333333337,1458
2,246,101.8611111111111,1470
2,247,80.13888888888886,1470
2,248,87.19444444444443,1470
2,249,107.80555555555557,1476
2,250,96.2222222222222,1476
2,251,111.30555555555554,1476
2,252,105.58333333333336,1476
2,253,103.08333333333334,1476
2,254,97.11111111111114,1476
2,255,98.72222222222226,1512
2,256,93.8888888888889,1518
2,257,107.94444444444449,1518
2,258,98.83333333333334,1518
2,259,101.7222222222222,1518
2,260,107.22222222222221,1524
2,261,100.55555555555554,1530
2,262,94.88888888888891,1530
2,263,108.47222222222224,1536
2,264,92.94444444444446,1536
2,265,93.0,1542
2,266,103.0833333333333,1542
2,267,89.88888888888893,1548
2,268,105.74999999999999,1548
2,269,91.69444444444449,1554
2,270,84.30555555555553,1554
2,271,86.50000000000003,1560
2,272,108.16666666666671,1560
2,273,99.75000000000004,1566
2,274,102.41666666666667,1566
2,275,95.91666666666664,1578
2,276,95.11111111111114,1578
2,277,97.80555555555556,1584
2,278,108.80555555555559,1584
2,279,108.49999999999999,1584
2,280,89.83333333333333,1584
2,281,102.2222222222222,1584
2,282,98.75,1590
2,283,91.19444444444444,1602
2,284,97.52777777777779,1602
2,285,94.22222222222227,1608
2,286,98.91666666666669,1608
2,287,104.1944444444444,1626
2,288,99.55555555555559,1626
2,289,96.94444444444446,1626
2,290,101.88888888888891,1626
2,291,104.58333333333334,1626
2,292,104.58333333333333,1626
2,293,91.25,1626
2,294,90.83333333333336,1632
2,295,99.22222222222224,1632
2,296,86.80555555555554,1632
2,297,92.88888888888891,1638
2,298,107.50000000000001,1638
2,299,119.33333333333334,1644
2,300,97.38888888888887,1644
2,301,98.66666666666673,1644
2,302,98.19444444444444,1644
2,303,91.61111111111111,1644
2,304,98.05555555555551,1656
2,305,94.8888888888889,1674
2,306,105.8055555555556,1686
2,307,99.47222222222227,1686
2,308,98.66666666666669,1686
2,309,96.16666666666661,1686
2,310,116.61111111111114,1686
2,311,97.19444444444441,1686
2,312,93.63888888888891,1686
2,313,91.36111111111113,1686
2,314,102.91666666666669,1692
2,315,93.80555555555557,1692
2,316,101.24999999999997,1692
2,317,92.88888888888891,1692
2,318,110.38888888888889,1692
2,319,104.22222222222221,1692
2,320,103.91666666666671,1692
2,321,111.36111111111113,1692
2,322,102.08333333333329,1698
2,323,108.3055555555556,1698
2,324,104.91666666666669,1698
2,325,90.47222222222223,1698
2,326,99.47222222222221,1698
2,327,88.08333333333331,1704
2,328,103.27777777777777,1704
2,329,105.30555555555553,1710
2,330,105.27777777777783,1710
2,331,108.55555555555559,1710
2,332,115.36111111111114,1710
2,333,97.77777777777776,1710
2,334,101.8611111111111,1710
2,335,105.61111111111116,1716
2,336,116.97222222222221,1716
2,337,105.11111111111109,1716
2,338,110.11111111111106,1722
2,339,107.30555555555556,1728
2,340,115.08333333333334,1728
2,341,120.36111111111113,1728
2,342,108.3888888888889,1728
2,343,104.55555555555557,1734
2,344,104.5,1734
2,345,112.75000000000001,1734
2,346,108.22222222222223,1734
2,347,99.77777777777779,1734
2,348,112.19444444444441,1734
2,349,127.11111111111117,1734
2,350,128.1111111111111,1734
2,351,112.55555555555559,1734
2,352,116.02777777777779,1734
2,353,111.69444444444446,1734
2,354,121.83333333333336,1746
2,355,130.75000000000003,1746
2,356,103.16666666666661,1752
2,357,120.58333333333339,1752
2,358,113.47222222222226,1758
2,359,108.11111111111104,1758
2,360,108.19444444444447,1758
2,361,115.25000000000001,1758
2,362,126.9722222222223,1770
2,363,124.69444444444444,1776
2,364,112.83333333333329,1776
2,365,124.6111111111111,1776
2,366,122.1111111111111,1788
2,367,112.66666666666669,1794
2,368,124.49999999999994,1794
2,369,114.63888888888893,1794
2,370,108.8888888888889,1794
2,371,131.75000000000006,1806
2,372,141.69444444444446,1824
2,373,148.27777777777783,1824
2,374,144.25,1824
2,375,164.58333333333331,1824
2,376,163.05555555555554,1830
2,377,159.63888888888894,1836
2,378,154.66666666666666,1836
2,379,138.47222222222223,1836
2,380,154.86111111111117,1836
2,381,161.69444444444446,1842
2,382,134.83333333333337,1848
2,383,171.55555555555569,1848
2,384,165.9444444444445,1848
2,385,157.38888888888886,1866
2,386,159.11111111111114,1866
2,387,165.3611111111111,1866
2,388,153.75000000000006,1866
2,389,161.1388888888889,1884
2,390,163.75000000000006,1890
2,391,148.138888888889,1896
2,392,155.66666666666666,1932
2,393,143.3055555555556,1932
2,394,166.0555555555556,1932
2,395,166.27777777777777,1932
2,396,150.99999999999997,1932
2,397,146.33333333333334,1938
2,398,171.69444444444443,1938
2,399,124.69444444444443,1938
2,400,141.91666666666663,1938
2,401,167.66666666666669,1938
2,402,167.94444444444449,1938
2,403,131.44444444444446,1938
2,404,155.75000000000003,1944
2,405,155.91666666666663,1950
2,406,149.58333333333334,1962
2,407,169.9722222222223,1962
2,408,149.0277777777778,1962
2,409,155.72222222222229,1962
2,410,155.72222222222223,1968
2,411,164.75000000000003,1968
2,412,141.1666666666667,1968
2,413,153.25000000000003,1968
2,414,145.33333333333337,1968
2,415,148.8055555555556,1974
2,416,141.30555555555557,1974
2,417,161.47222222222226,1974
2,418,159.77777777777783,1974
2,419,132.6666666666667,1974
2,420,161.1388888888889,1974
2,421,149.33333333333337,1974
2,422,154.13888888888886,2202
2,423,171.63888888888889,2202
2,424,178.5555555555556,2214
2,425,147.4722222222222,2214
2,426,174.7777777777778,2214
2,427,165.97222222222229,2214
2,428,160.38888888888894,2214
2,429,161.9444444444445,2214
2,430,167.77777777777786,2214
2,431,166.83333333333334,2214
2,432,161.08333333333331,2214
2,433,151.38888888888894,2214
2,434,174.16666666666674,2274
2,435,155.9722222222222,2280
2,436,172.7500000000001,2280
2,437,160.83333333333343,2280
2,438,158.33333333333337,2280
2,439,176.83333333333334,2280
2,440,158.11111111111111,2280
2,441,171.11111111111106,2286
2,442,152.94444444444443,2286
2,443,170.49999999999997,2286
2,444,172.88888888888889,2286
2,445,157.94444444444446,2286
2,446,164.2777777777778,2286
2,447,154.69444444444446,2292
2,448,170.5555555555557,2292
2,449,143.50000000000003,2310
2,450,156.38888888888903,2310
2,451,163.3888888888889,2310
2,452,156.58333333333337,2310
2,453,160.05555555555546,2310
2,454,173.25,2310
2,455,141.80555555555554,2310
2,456,170.58333333333334,2310
2,457,165.22222222222223,2310
2,458,162.91666666666677,2310
2,459,159.05555555555557,2310
2,460,158.44444444444446,2316
2,461,157.6388888888889,2316
2,462,138.58333333333334,2328
2,463,156.94444444444446,2328
2,464,151.0555555555556,2334
2,465,168.44444444444454,2334
2,466,159.5833333333333,2334
2,467,162.02777777777777,2334
2,468,169.63888888888889,2334
2,469,147.97222222222226,2334
2,470,161.38888888888889,2334
2,471,156.58333333333343,2334
2,472,160.75000000000006,2334
2,473,153.13888888888894,2358
2,474,161.7222222222222,2364
2,475,166.22222222222223,2364
2,476,151.7500000000001,2376
2,477,152.22222222222229,2376
2,478,145.36111111111123,2376
2,479,164.5277777777778,2376
2,480,156.94444444444449,2376
2,481,155.63888888888883,2376
2,482,177.16666666666666,2376
2,483,144.86111111111114,2376
2,484,148.55555555555554,2382
2,485,171.66666666666657,2382
2,486,150.5277777777778,2382
2,487,180.77777777777774,2388
2,488,160.80555555555554,2388
2,489,168.8611111111111,2388
2,490,194.61111111111117,2388
2,491,159.16666666666669,2388
2,492,152.61111111111111,2388
2,493,150.0555555555556,2388
2,494,173.63888888888889,2388
2,495,143.55555555555557,2388
2,496,156.25000000000003,2388
2,497,143.52777777777786,2388
2,498,145.69444444444457,2388
2,499,175.83333333333343,2388
2,500,144.4166666666667,2388
2,501,169.58333333333331,2388
2,502,157.72222222222226,2388
2,503,158.27777777777783,2388
2,504,172.3611111111112,2388
2,505,157.22222222222226,2388
2,506,171.33333333333337,2388
2,507,169.24999999999994,2388
2,508,160.94444444444437,2388
2,509,156.4722222222222,2388
2,510,160.63888888888889,2388
2,511,167.47222222222229,2388
2,512,155.19444444444446,2388
2,513,172.16666666666674,2388
2,514,161.83333333333334,2388
2,515,157.33333333333326,2388
2,516,180.74999999999997,2388
2,517,149.58333333333331,2388
2,518,165.36111111111106,2388
2,519,150.69444444444454,2400
2,520,178.75,2400
2,521,150.19444444444449,2400
2,522,156.36111111111117,2400
2,523,164.08333333333337,2412
2,524,158.6666666666667,2424
2,525,154.11111111111117,2424
2,526,163.61111111111117,2424
2,527,158.47222222222226,2424
2,528,157.97222222222223,2430
2,529,164.97222222222223,2430
2,530,157.36111111111117,2430
2,531,163.58333333333334,2430
2,532,165.44444444444446,2430
2,533,168.88888888888883,2430
2,534,136.97222222222226,2430
2,535,139.69444444444446,2442
2,536,175.58333333333337,2442
2,537,140.97222222222223,2442
2,538,160.97222222222223,2442
2,539,165.33333333333334,2442
2,540,159.1111111111112,2442
2,541,164.77777777777774,2442
2,542,169.33333333333334,2442
2,543,159.75000000000003,2442
2,544,144.94444444444449,2442
2,545,136.888888888889,2442
2,546,162.55555555555551,2442
2,547,176.41666666666663,2442
2,548,168.8611111111111,2442
2,549,149.63888888888897,2442
2,550,159.5555555555556,2442
2,551,147.2777777777778,2442
2,552,155.0555555555556,2442
2,553,159.27777777777771,2442
2,554,170.44444444444449,2442
2,555,162.41666666666674,2442
2,556,182.2777777777778,2454
2,557,156.47222222222214,2460
2,558,153.00000000000003,2460
2,559,167.50000000000006,2460
2,560,149.27777777777774,2460
2,561,165.52777777777783,2460
2,562,165.97222222222223,2472
2,563,164.0555555555556,2502
2,564,155.61111111111117,2508
2,565,150.91666666666666,2508
2,566,158.58333333333346,2520
2,567,167.41666666666666,2538
2,568,166.3611111111112,2544
2,569,168.0277777777778,2544
2,570,170.66666666666677,2544
2,571,177.13888888888883,2550
2,572,159.50000000000003,2550
2,573,152.05555555555563,2550
2,574,165.61111111111117,2556
2,575,157.36111111111114,2556
2,576,165.13888888888886,2556
2,577,162.1666666666667,2556
2,578,156.1666666666667,2556
2,579,175.47222222222234,2556
2,580,172.00000000000003,2556
2,581,165.36111111111114,2568
2,582,175.61111111111114,2574
2,583,163.91666666666674,2580
2,584,171.8333333333334,2580
2,585,146.86111111111111,2586
2,586,177.47222222222223,2586
2,587,157.72222222222226,2592
2,588,161.02777777777777,2598
2,589,161.5555555555556,2604
2,590,156.13888888888894,2604
2,591,167.25,2604
2,592,152.50000000000006,2604
2,593,150.25,2604
2,594,177.94444444444443,2604
2,595,182.94444444444457,2604
2,596,172.47222222222223,2604
2,597,155.9166666666667,2604
2,598,171.41666666666666,2622
2,599,163.91666666666669,2622
2,600,153.55555555555557,2622
2,601,162.13888888888894,2622
2,602,177.58333333333331,2634
2,603,168.55555555555563,2634
2,604,182.52777777777777,2640
2,605,170.44444444444446,2640
2,606,165.3333333333334,2640
2,607,163.52777777777783,2640
2,608,178.75,2646
2,609,162.83333333333337,2646
2,610,177.55555555555569,2646
2,611,181.02777777777783,2646
2,612,153.0555555555556,2646
2,613,154.86111111111106,2646
2,614,167.69444444444443,2658
2,615,158.27777777777783,2658
2,616,155.47222222222234,2658
2,617,162.5555555555556,2658
2,618,156.22222222222229,2664
2,619,163.1666666666666,2664
2,620,161.33333333333334,2664
2,621,175.11111111111117,2670
2,622,159.75000000000006,2670
2,623,149.8888888888889,2670
2,624,171.49999999999997,2676
2,625,159.11111111111114,2682
2,626,152.7222222222223,2682
2,627,164.49999999999997,2688
2,628,172.58333333333343,2688
2,629,169.11111111111114,2688
2,630,175.72222222222226,2688
2,631,170.1388888888889,2688
2,632,184.2222222222223,2688
2,633,173.25000000000003,2688
2,634,162.61111111111114,2694
2,635,170.8055555555556,2700
2,636,173.41666666666663,2700
2,637,172.11111111111114,2706
2,638,162.2222222222222,2712
2,639,154.50000000000003,2712
2,640,155.66666666666674,2712
2,641,163.83333333333346,2712
2,642,177.33333333333334,2712
2,643,161.27777777777783,2712
2,644,180.80555555555566,2712
2,645,164.22222222222226,2712
2,646,174.05555555555554,2724
2,647,167.74999999999997,2736
2,648,171.33333333333343,2736
2,649,154.3333333333333,2736
2,650,149.44444444444449,2748
2,651,173.9166666666667,2754
2,652,173.38888888888889,2754
2,653,162.94444444444446,2754
2,654,180.3888888888889,2754
2,655,160.63888888888894,2754
2,656,173.8055555555556,2754
2,657,159.7222222222223,2760
2,658,163.2222222222222,2760
2,659,171.99999999999997,2766
2,660,168.27777777777774,2772
2,661,186.41666666666677,2778
2,662,160.33333333333331,2778
2,663,157.0277777777778,2778
2,664,157.86111111111114,2778
2,665,177.74999999999997,2778
2,666,165.13888888888886,2778
2,667,165.0833333333334,2778
2,668,163.3333333333334,2778
2,669,158.25000000000006,2778
2,670,177.38888888888889,2778
2,671,165.91666666666674,2778
2,672,160.5277777777778,2778
2,673,146.11111111111114,2778
2,674,148.61111111111111,2778
2,675,164.77777777777786,2778
2,676,149.8888888888889,2778
2,677,168.1666666666667,2778
2,678,156.52777777777786,2778
2,679,165.3333333333334,2778
2,680,153.88888888888897,2850
2,681,164.97222222222211,2856
2,682,174.5,2856
2,683,178.1388888888889,2856
2,684,163.77777777777786,2868
2,685,189.63888888888894,2868
2,686,165.44444444444449,2868
2,687,162.91666666666669,2868
2,688,164.75000000000003,2868
2,689,145.25,2880
2,690,172.52777777777783,2880
2,691,157.97222222222223,2880
2,692,148.55555555555563,2880
2,693,159.19444444444449,2880
2,694,159.55555555555563,2880
2,695,155.75,2880
2,696,175.41666666666677,2880
2,697,179.86111111111117,2892
2,698,160.25000000000003,2904
2,699,154.88888888888886,2904
2,700,159.05555555555557,2922
2,701,158.38888888888894,2928
2,702,169.6388888888889,2928
2,703,182.8055555555556,2928
2,704,165.9444444444444,2928
2,705,164.4722222222223,2928
2,706,160.5,2928
2,707,181.75000000000009,2940
2,708,153.33333333333346,2940
2,709,179.80555555555554,2958
2,710,155.63888888888897,2970
2,711,168.02777777777777,2970
2,712,159.72222222222229,2988
2,713,150.49999999999997,2988
2,714,161.38888888888889,2988
2,715,169.86111111111117,3006
2,716,162.61111111111111,3018
2,717,171.25000000000006,3018
2,718,194.25000000000014,3024
2,719,177.50000000000006,3030
2,720,179.52777777777786,3030
2,721,187.05555555555563,3030
2,722,186.00000000000003,3036
2,723,187.63888888888883,3042
2,724,174.0277777777778,3042
2,725,191.44444444444454,3042
2,726,156.52777777777774,3054
2,727,182.63888888888894,3066
2,728,177.47222222222229,3066
2,729,162.1111111111112,3072
2,730,180.0833333333334,3108
2,731,177.27777777777789,3120
2,732,172.4722222222223,3120
2,733,184.9722222222222,3132
2,734,169.52777777777774,3132
2,735,165.86111111111117,3138
2,736,198.5833333333334,3138
2,737,173.41666666666674,3144
2,738,192.02777777777777,3144
2,739,163.83333333333343,3156
2,740,153.27777777777786,3156
2,741,171.22222222222223,3168
2,742,166.38888888888886,3168
2,743,159.80555555555551,3168
2,744,155.5555555555556,3204
2,745,166.72222222222223,3210
2,746,168.05555555555557,3228
2,747,179.69444444444443,3228
2,748,173.38888888888886,3228
2,749,170.08333333333331,3228
2,750,166.97222222222226,3228
2,751,148.2222222222222,3228
2,752,150.0,3228
2,753,169.7222222222223,3228
2,754,183.91666666666663,3228
2,755,166.22222222222223,3234
2,756,166.00000000000003,3234
2,757,167.5,3234
2,758,170.05555555555554,3234
2,759,164.38888888888897,3234
2,760,148.61111111111114,3258
2,761,162.72222222222214,3264
2,762,162.1666666666667,3276
2,763,171.6944444444444,3300
2,764,158.61111111111111,3306
2,765,158.75000000000003,3306
2,766,157.05555555555566,3306
2,767,161.77777777777783,3306
2,768,177.6666666666667,3318
2,769,160.0555555555556,3336
2,770,186.63888888888894,3336
2,771,170.75,3336
2,772,171.0,3360
2,773,179.94444444444446,3360
2,774,180.38888888888897,3366
2,775,160.41666666666669,3366
2,776,173.33333333333343,3366
2,777,171.02777777777777,3366
2,778,164.86111111111123,3384
2,779,176.05555555555566,3408
2,780,140.7222222222223,3414
2,781,169.19444444444446,3414
2,782,188.63888888888889,3414
2,783,169.16666666666669,3414
2,784,170.00000000000006,3414
2,785,157.33333333333337,3414
2,786,161.75000000000006,3414
2,787,178.50000000000003,3414
2,788,164.66666666666666,3414
2,789,183.0833333333334,3414
2,790,172.05555555555554,3426
2,791,175.13888888888889,3426
2,792,158.86111111111117,3426
2,793,181.91666666666677,3426
2,794,172.9166666666667,3426
2,795,178.52777777777786,3426
2,796,170.30555555555569,3426
2,797,183.0,3426
2,798,175.72222222222229,3426
2,799,182.38888888888889,3426
2,800,159.11111111111111,3426
2,801,162.88888888888894,3426
2,802,182.8055555555556,3426
2,803,181.19444444444446,3438
2,804,160.11111111111114,3444
2,805,172.05555555555554,3444
2,806,177.08333333333343,3450
2,807,192.9444444444445,3450
2,808,171.66666666666666,3450
2,809,185.13888888888894,3450
2,810,177.05555555555554,3462
2,811,182.27777777777783,3462
2,812,176.1111111111112,3492
2,813,165.9166666666667,3498
2,814,167.86111111111111,3498
2,815,169.44444444444446,3498
2,816,177.86111111111117,3504
2,817,172.91666666666677,3516
2,818,189.41666666666669,3516
2,819,169.22222222222234,3516
2,820,179.36111111111106,3516
2,821,184.22222222222226,3516
2,822,191.19444444444454,3528
2,823,164.75000000000009,3528
2,824,157.30555555555554,3528
2,825,184.52777777777777,3528
2,826,169.00000000000006,3528
2,827,174.80555555555557,3528
2,828,170.05555555555557,3528
2,829,163.6111111111111,3528
2,830,173.13888888888894,3564
2,831,166.27777777777786,3564
2,832,164.9166666666666,3564
2,833,176.7777777777778,3564
2,834,168.1111111111111,3564
2,835,154.02777777777774,3570
2,836,181.86111111111126,3576
2,837,169.66666666666669,3576
2,838,176.9444444444445,3576
2,839,176.99999999999997,3576
2,840,174.38888888888894,3600
2,841,163.05555555555554,3600
2,842,152.91666666666674,3600
2,843,166.97222222222234,3600
2,844,170.77777777777783,3606
2,845,175.66666666666666,3624
2,846,203.3611111111111,3624
2,847,167.27777777777783,3630
2,848,162.0833333333334,3630
2,849,185.55555555555557,3630
2,850,179.41666666666666,3630
2,851,192.3333333333333,3642
2,852,158.72222222222229,3648
2,853,162.55555555555551,3648
2,854,173.6666666666667,3654
2,855,152.08333333333346,3654
2,856,175.08333333333334,3654
2,857,166.33333333333337,3654
2,858,160.99999999999997,3660
2,859,202.50000000000003,3750
2,860,201.58333333333337,3816
2,861,201.25,3840
2,862,197.05555555555554,3840
2,863,211.3333333333334,3858
2,864,208.00000000000003,3858
2,865,196.2222222222223,3858
2,866,203.02777777777789,3858
2,867,192.63888888888894,3858
2,868,187.3333333333334,3858
2,869,198.22222222222229,3858
2,870,188.16666666666663,3858
2,871,193.88888888888897,3858
2,872,200.1666666666668,3858
2,873,197.33333333333337,3864
2,874,198.33333333333343,3864
2,875,198.86111111111117,3864
2,876,200.52777777777777,3864
2,877,177.05555555555566,3894
2,878,198.94444444444443,3906
2,879,190.55555555555563,3906
2,880,190.25,3912
2,881,204.91666666666669,3930
2,882,189.33333333333337,3936
2,883,204.58333333333337,3954
2,884,203.30555555555557,3966
2,885,193.00000000000003,3966
2,886,206.1111111111112,3978
2,887,186.08333333333334,3978
2,888,194.80555555555554,3978
2,889,206.02777777777771,3978
2,890,185.36111111111117,3984
2,891,200.0833333333334,3984
2,892,189.08333333333337,3984
2,893,206.72222222222226,3984
2,894,200.36111111111103,4020
2,895,185.83333333333334,4020
2,896,197.88888888888903,4044
2,897,197.99999999999997,4044
2,898,216.22222222222229,4086
2,899,204.44444444444454,4092
2,900,194.2777777777778,4098
2,901,184.22222222222223,4122
2,902,182.77777777777777,4122
2,903,207.08333333333334,4122
2,904,207.27777777777777,4128
2,905,190.22222222222229,4134
2,906,186.1388888888889,4134
2,907,179.3611111111111,4134
2,908,190.8333333333333,4152
2,909,186.1666666666667,4152
2,910,180.86111111111117,4170
2,911,189.80555555555566,4170
2,912,197.27777777777789,4170
2,913,197.41666666666663,4170
2,914,214.47222222222229,4176
2,915,199.3888888888888,4176
2,916,204.72222222222226,4194
2,917,192.88888888888886,4194
2,918,202.33333333333331,4194
2,919,184.77777777777786,4194
2,920,197.6111111111111,4194
2,921,194.22222222222226,4194
2,922,195.63888888888897,4194
2,923,200.5277777777779,4194
2,924,170.74999999999994,4200
2,925,179.8055555555556,4218
2,926,189.86111111111123,4218
2,927,201.58333333333334,4260
2,928,186.0,4260
2,929,191.50000000000009,4260
2,930,193.77777777777783,4278
2,931,193.22222222222226,4278
2,932,192.4166666666668,4278
2,933,180.08333333333331,4296
2,934,201.9444444444445,4296
2,935,205.72222222222229,4296
2,936,198.1666666666666,4302
2,937,199.0277777777778,4302
2,938,183.88888888888894,4302
2,939,202.0833333333333,4302
2,940,181.0555555555556,4302
2,941,208.61111111111111,4308
2,942,202.44444444444443,4320
2,943,187.83333333333334,4320
2,944,194.8611111111111,4320
2,945,194.6388888888889,4320
2,946,185.9722222222222,4326
2,947,186.52777777777774,4332
2,948,195.47222222222226,4332
2,949,194.86111111111114,4332
2,950,195.58333333333343,4332
2,951,197.22222222222217,4350
2,952,187.88888888888897,4350
2,953,205.16666666666663,4350
2,954,198.77777777777783,4368
2,955,185.58333333333343,4368
2,956,195.2222222222224,4386
2,957,180.41666666666674,4386
2,958,196.55555555555554,4386
2,959,196.97222222222223,4386
2,960,198.36111111111106,4386
2,961,188.05555555555563,4386
2,962,195.3333333333334,4452
2,963,196.61111111111117,4458
2,964,201.50000000000009,4458
2,965,190.38888888888889,4458
2,966,195.6666666666667,4458
2,967,199.27777777777774,4464
2,968,187.99999999999997,4470
2,969,185.58333333333343,4476
2,970,186.25,4476
2,971,198.08333333333343,4482
2,972,198.69444444444443,4482
2,973,187.44444444444446,4482
2,974,201.80555555555551,4482
2,975,194.0555555555556,4482
2,976,185.25,4482
2,977,202.2222222222222,4482
2,978,193.94444444444443,4482
2,979,187.0833333333334,4482
2,980,191.5833333333334,4488
2,981,194.19444444444449,4494
2,982,191.11111111111111,4494
2,983,171.77777777777774,4500
2,984,183.61111111111114,4512
2,985,200.91666666666677,4512
2,986,184.50000000000006,4524
2,987,180.63888888888897,4536
2,988,219.16666666666674,4536
2,989,193.94444444444446,4542
2,990,181.33333333333343,4548
2,991,186.38888888888889,4548
2,992,193.11111111111126,4548
2,993,200.94444444444443,4548
2,994,201.63888888888889,4554
2,995,197.00000000000003,4554
2,996,192.6666666666667,4554
2,997,192.4722222222223,4554
2,998,214.9444444444445,4560
2,999,187.38888888888886,4560
2,1000,180.86111111111117,4560
