agentid,step,ExpectedQvalue,CumulativeReward,center1_q,center2_q
0,1,37.166666666666664,0,6.055555555555547,15.94444444444442
0,2,34.33333333333335,0,8.27777777777776,14.416666666666648
0,3,28.58333333333333,0,7.333333333333319,13.805555555555529
0,4,41.69444444444443,0,9.249999999999982,13.472222222222198
0,5,39.277777777777786,0,7.305555555555543,13.249999999999986
0,6,38.055555555555564,0,7.22222222222221,13.055555555555536
0,7,39.666666666666664,0,5.111111111111107,15.611111111111093
0,8,28.27777777777779,0,6.666666666666657,23.388888888888918
0,9,34.61111111111113,0,4.638888888888884,17.33333333333331
0,10,41.41666666666668,12,7.22222222222221,21.38888888888891
0,11,45.6111111111111,12,8.333333333333318,14.888888888888856
0,12,31.52777777777778,12,10.41666666666665,17.80555555555554
0,13,39.750000000000014,12,5.388888888888883,19.611111111111125
0,14,34.80555555555558,12,4.555555555555552,16.24999999999997
0,15,35.33333333333334,30,6.972222222222211,25.77777777777786
0,16,38.61111111111112,36,8.972222222222207,18.6388888888889
0,17,42.3611111111111,36,9.083333333333316,18.58333333333333
0,18,36.86111111111112,36,6.583333333333323,16.91666666666665
0,19,44.72222222222223,36,9.999999999999984,18.527777777777775
0,20,46.0,36,6.777777777777766,26.222222222222303
0,21,35.888888888888886,36,10.111111111111098,14.361111111111082
0,22,40.02777777777778,36,7.999999999999985,27.777777777777853
0,23,45.72222222222224,36,5.749999999999992,23.83333333333339
0,24,43.583333333333336,36,9.027777777777759,24.888888888888953
0,25,44.69444444444444,36,10.638888888888872,16.99999999999999
0,26,39.58333333333332,36,9.66666666666665,20.30555555555557
0,27,42.027777777777786,36,7.638888888888873,20.027777777777793
0,28,31.75,36,7.666666666666654,27.388888888888967
0,29,47.11111111111111,36,10.222222222222213,17.111111111111082
0,30,42.38888888888891,36,8.30555555555554,24.666666666666707
0,31,37.777777777777786,36,13.861111111111091,21.138888888888886
0,32,42.33333333333335,36,10.916666666666652,22.88888888888894
0,33,36.66666666666667,36,12.333333333333316,22.305555555555564
0,34,40.94444444444444,42,10.694444444444425,18.27777777777777
0,35,44.94444444444446,78,10.416666666666648,13.97222222222219
0,36,49.30555555555556,84,9.805555555555538,24.55555555555561
0,37,43.08333333333333,90,5.555555555555548,23.000000000000007
0,38,44.1111111111111,96,11.194444444444425,21.916666666666696
0,39,45.77777777777778,96,9.833333333333313,24.50000000000001
0,40,46.08333333333333,138,10.222222222222207,25.861111111111146
0,41,47.02777777777777,138,3.194444444444442,26.166666666666735
0,42,47.916666666666686,138,3.5555555555555545,33.30555555555568
0,43,41.52777777777779,138,6.6111111111111,33.47222222222235
0,44,39.47222222222223,138,9.777777777777759,33.72222222222237
0,45,49.22222222222223,138,11.916666666666648,31.527777777777864
0,46,52.16666666666667,138,9.666666666666648,28.416666666666732
0,47,52.25000000000002,138,7.194444444444432,33.75000000000016
0,48,50.33333333333336,138,7.33333333333332,26.05555555555562
0,49,42.277777777777786,138,7.472222222222209,21.75000000000002
0,50,49.055555555555564,138,9.777777777777757,29.333333333333403
0,51,53.22222222222224,138,8.194444444444429,32.61111111111127
0,52,43.833333333333336,138,5.694444444444437,31.166666666666753
0,53,37.88888888888889,138,8.972222222222204,36.11111111111133
0,54,41.555555555555564,138,5.41666666666666,28.611111111111153
0,55,51.52777777777779,138,6.666666666666655,28.75000000000007
0,56,47.08333333333336,138,11.027777777777757,32.833333333333464
0,57,46.77777777777778,138,8.833333333333318,30.527777777777832
0,58,37.25,138,6.861111111111097,30.583333333333442
0,59,49.833333333333314,138,10.638888888888872,31.416666666666735
0,60,44.91666666666669,138,8.777777777777763,31.805555555555667
0,61,64.11111111111111,138,9.083333333333318,35.19444444444465
0,62,48.277777777777786,138,11.749999999999975,25.833333333333382
0,63,47.02777777777777,138,10.805555555555538,32.05555555555563
0,64,48.47222222222221,138,7.749999999999984,23.805555555555582
0,65,49.27777777777776,138,9.861111111111097,31.38888888888898
0,66,52.30555555555556,138,7.583333333333317,34.88888888888907
0,67,49.80555555555554,138,9.63888888888887,25.222222222222264
0,68,50.138888888888886,156,8.083333333333318,31.722222222222335
0,69,56.86111111111113,156,7.805555555555539,30.194444444444507
0,70,46.44444444444444,156,4.2222222222222205,30.444444444444546
0,71,51.194444444444464,156,8.027777777777763,35.9722222222224
0,72,56.027777777777764,156,6.305555555555547,35.16666666666684
0,73,59.27777777777779,156,6.111111111111101,24.361111111111146
0,74,50.50000000000002,258,6.194444444444436,31.166666666666746
0,75,51.05555555555555,258,8.388888888888875,27.500000000000032
0,76,56.083333333333364,258,4.277777777777774,36.027777777777985
0,77,56.61111111111109,258,8.944444444444427,35.50000000000019
0,78,45.11111111111113,258,6.916666666666654,38.916666666666934
0,79,62.722222222222236,258,8.361111111111098,28.80555555555563
0,80,45.7777777777778,258,7.666666666666652,31.611111111111217
0,81,42.222222222222236,258,6.249999999999991,31.694444444444585
0,82,49.19444444444447,258,10.055555555555534,35.25000000000016
0,83,50.75,258,7.222222222222208,30.194444444444517
0,84,48.638888888888886,258,11.444444444444425,30.722222222222314
0,85,50.722222222222236,258,6.722222222222211,36.83333333333349
0,86,50.47222222222222,258,7.388888888888875,31.55555555555564
0,87,51.27777777777776,258,8.972222222222205,28.472222222222264
0,88,49.277777777777786,258,14.444444444444427,32.13888888888901
0,89,55.05555555555555,258,9.805555555555536,33.47222222222238
0,90,46.80555555555556,258,7.416666666666654,28.944444444444542
0,91,46.61111111111113,258,9.333333333333318,30.55555555555565
0,92,52.77777777777778,258,6.8333333333333215,39.94444444444477
0,93,52.44444444444445,258,10.027777777777763,38.97222222222247
0,94,52.91666666666666,258,10.111111111111095,28.055555555555618
0,95,55.277777777777786,258,6.861111111111099,36.66666666666693
0,96,48.30555555555557,258,11.944444444444423,29.63888888888896
0,97,52.777777777777764,258,10.91666666666665,27.36111111111117
0,98,49.75,258,17.361111111111086,26.138888888888953
0,99,58.44444444444444,258,15.805555555555532,30.638888888888967
0,100,52.97222222222223,258,6.583333333333323,25.888888888888957
0,101,39.91666666666667,258,11.611111111111091,32.41666666666679
0,102,53.000000000000014,258,6.527777777777769,34.3333333333335
0,103,48.666666666666686,258,7.888888888888873,31.33333333333342
0,104,54.36111111111112,258,8.30555555555554,31.222222222222342
0,105,52.194444444444464,258,9.777777777777757,34.138888888889035
0,106,50.00000000000001,258,7.3611111111110965,35.33333333333352
0,107,46.08333333333334,258,11.944444444444429,31.500000000000103
0,108,49.16666666666668,360,6.888888888888879,38.944444444444734
0,109,57.083333333333336,492,10.277777777777763,29.194444444444525
0,110,47.27777777777779,498,8.33333333333332,36.44444444444469
0,111,48.999999999999986,498,11.694444444444425,36.055555555555756
0,112,56.611111111111114,570,11.30555555555554,35.66666666666688
0,113,63.63888888888889,768,13.833333333333313,34.72222222222235
0,114,66.41666666666669,798,17.472222222222197,35.916666666666885
0,115,66.9722222222222,798,13.861111111111091,30.30555555555566
0,116,61.194444444444436,798,15.777777777777752,32.63888888888899
0,117,59.36111111111109,798,12.999999999999973,32.83333333333346
0,118,55.5,798,12.583333333333309,39.416666666666956
0,119,69.83333333333333,798,10.999999999999977,37.02777777777804
0,120,74.97222222222224,798,14.69444444444442,32.91666666666677
0,121,61.27777777777777,798,14.527777777777752,39.444444444444756
0,122,65.33333333333334,798,11.194444444444423,42.50000000000037
0,123,79.08333333333333,798,21.138888888888882,33.58333333333349
0,124,58.94444444444444,798,12.2222222222222,38.3611111111114
0,125,52.0,798,8.19444444444443,32.4722222222223
0,126,60.97222222222222,798,11.777777777777754,42.97222222222265
0,127,68.9166666666667,798,19.194444444444446,37.77777777777804
0,128,69.16666666666667,852,16.41666666666665,36.444444444444706
0,129,60.66666666666668,864,16.249999999999975,35.194444444444635
0,130,58.69444444444445,864,17.83333333333332,37.416666666666906
0,131,66.44444444444443,864,19.694444444444454,35.694444444444656
0,132,48.44444444444445,864,17.52777777777776,31.805555555555657
0,133,61.666666666666664,864,20.47222222222222,26.944444444444485
0,134,61.138888888888886,864,10.52777777777776,36.36111111111135
0,135,59.27777777777779,864,17.527777777777764,32.08333333333344
0,136,61.19444444444445,864,13.749999999999979,33.05555555555568
0,137,63.0277777777778,864,12.194444444444427,37.83333333333361
0,138,66.7222222222222,864,8.44444444444443,32.055555555555664
0,139,65.27777777777779,864,19.44444444444443,31.36111111111122
0,140,59.52777777777779,864,13.333333333333314,40.47222222222253
0,141,65.69444444444447,864,15.638888888888864,33.61111111111122
0,142,72.97222222222223,864,13.611111111111093,37.52777777777804
0,143,67.52777777777774,864,12.527777777777757,36.69444444444469
0,144,51.27777777777776,864,15.527777777777759,31.27777777777791
0,145,62.44444444444445,876,15.277777777777759,38.97222222222251
0,146,66.22222222222224,876,22.250000000000014,33.16666666666683
0,147,74.16666666666667,972,24.416666666666668,32.083333333333435
0,148,63.02777777777777,972,14.527777777777757,36.055555555555756
0,149,52.999999999999986,972,11.138888888888872,39.33333333333362
0,150,65.58333333333336,1020,9.249999999999984,38.33333333333356
0,151,64.38888888888889,1104,19.805555555555546,28.888888888888967
0,152,57.138888888888886,1104,15.527777777777757,36.38888888888911
0,153,58.8888888888889,1110,14.638888888888864,31.638888888888978
0,154,62.805555555555564,1110,14.944444444444423,29.416666666666757
0,155,65.88888888888891,1188,13.36111111111109,44.305555555556005
0,156,63.94444444444444,1188,11.666666666666645,39.61111111111143
0,157,63.08333333333334,1188,17.361111111111097,33.777777777777935
0,158,60.16666666666668,1188,15.388888888888864,33.638888888889035
0,159,57.38888888888888,1188,17.277777777777768,36.611111111111335
0,160,60.75000000000001,1188,14.388888888888864,39.47222222222251
0,161,61.33333333333335,1188,18.666666666666668,38.19444444444469
0,162,64.22222222222221,1188,16.194444444444418,39.44444444444476
0,163,62.277777777777786,1188,18.027777777777764,29.3611111111112
0,164,67.44444444444447,1188,7.3333333333333215,45.13888888888939
0,165,50.916666666666686,1188,16.777777777777754,39.38888888888917
0,166,62.05555555555557,1188,21.111111111111132,30.91666666666675
0,167,65.55555555555557,1188,16.99999999999999,37.8888888888891
0,168,63.19444444444448,1188,12.083333333333313,33.91666666666683
0,169,70.4166666666667,1188,20.416666666666664,32.91666666666676
0,170,58.38888888888889,1188,15.24999999999998,38.0833333333336
0,171,60.72222222222223,1188,11.944444444444432,33.80555555555572
0,172,62.944444444444436,1188,13.638888888888863,34.83333333333354
0,173,56.69444444444447,1188,14.666666666666643,42.5000000000004
0,174,59.472222222222236,1188,15.805555555555538,35.25000000000018
0,175,63.805555555555536,1188,15.972222222222197,37.11111111111134
0,176,60.250000000000014,1188,19.44444444444444,31.694444444444535
0,177,65.38888888888891,1188,17.194444444444436,39.25000000000033
0,178,67.61111111111114,1188,13.77777777777775,43.25000000000043
0,179,56.361111111111136,1188,15.16666666666664,35.33333333333352
0,180,58.47222222222223,1188,14.77777777777775,36.50000000000022
0,181,64.58333333333334,1188,16.555555555555536,27.638888888888953
0,182,63.55555555555556,1188,16.2222222222222,39.000000000000306
0,183,63.91666666666668,1188,14.94444444444442,34.27777777777797
0,184,68.69444444444446,1188,12.861111111111088,34.25000000000016
0,185,58.55555555555557,1188,20.583333333333343,37.3333333333336
0,186,64.16666666666667,1188,13.055555555555534,41.166666666667005
0,187,66.27777777777779,1188,22.555555555555593,41.250000000000334
0,188,63.27777777777781,1188,12.416666666666648,40.444444444444784
0,189,62.999999999999986,1188,14.38888888888887,39.91666666666699
0,190,63.47222222222219,1188,16.166666666666643,36.44444444444468
0,191,59.69444444444444,1188,12.888888888888868,30.694444444444567
0,192,67.69444444444447,1188,20.527777777777793,31.666666666666767
0,193,60.02777777777777,1188,12.88888888888886,37.194444444444684
0,194,61.166666666666664,1188,14.972222222222204,29.555555555555603
0,195,64.99999999999999,1188,14.361111111111086,38.38888888888918
0,196,59.416666666666664,1188,18.277777777777796,43.416666666667126
0,197,55.66666666666668,1188,15.777777777777752,42.472222222222626
0,198,55.750000000000014,1188,14.249999999999973,38.888888888889184
0,199,51.80555555555555,1188,21.19444444444448,35.80555555555577
0,200,62.83333333333336,1188,12.972222222222205,34.22222222222237
0,201,54.86111111111114,1188,17.916666666666654,38.91666666666696
0,202,63.97222222222225,1188,13.777777777777754,42.80555555555597
0,203,65.44444444444447,1188,8.805555555555538,43.41666666666712
0,204,55.16666666666667,1188,15.66666666666664,38.500000000000284
0,205,58.47222222222219,1188,13.972222222222205,30.55555555555565
0,206,64.02777777777779,1188,15.694444444444416,34.555555555555735
0,207,57.99999999999999,1188,15.4722222222222,35.97222222222245
0,208,61.75000000000002,1188,17.416666666666675,32.97222222222239
0,209,63.19444444444444,1188,18.527777777777775,32.166666666666785
0,210,52.1388888888889,1188,16.111111111111093,39.472222222222555
0,211,69.0,1188,15.944444444444423,27.77777777777787
0,212,58.9166666666667,1188,19.83333333333333,36.63888888888911
0,213,53.50000000000001,1188,18.13888888888888,39.55555555555587
0,214,61.694444444444436,1188,18.63888888888888,36.44444444444465
0,215,67.8888888888889,1188,14.861111111111088,36.97222222222245
0,216,59.91666666666666,1188,11.166666666666648,42.750000000000384
0,217,66.3611111111111,1188,11.833333333333314,44.25000000000048
0,218,65.75000000000001,1188,11.4722222222222,34.277777777777956
0,219,78.30555555555559,1188,10.916666666666652,38.000000000000284
0,220,65.00000000000001,1188,19.944444444444443,30.50000000000008
0,221,63.61111111111109,1188,18.916666666666664,35.94444444444466
0,222,56.91666666666668,1188,20.722222222222257,33.52777777777793
0,223,59.722222222222236,1188,14.416666666666643,36.83333333333357
0,224,74.41666666666667,1188,14.166666666666641,41.25000000000038
0,225,66.83333333333333,1188,15.249999999999972,48.861111111111676
0,226,61.02777777777781,1188,21.166666666666696,27.388888888888953
0,227,63.83333333333334,1188,19.33333333333336,30.333333333333385
0,228,65.55555555555559,1188,9.99999999999998,42.33333333333373
0,229,54.72222222222221,1188,20.888888888888882,27.694444444444493
0,230,63.36111111111111,1188,19.61111111111112,31.638888888888967
0,231,54.41666666666666,1188,18.58333333333333,39.02777777777809
0,232,72.77777777777777,1188,16.749999999999986,33.00000000000014
0,233,61.1388888888889,1188,15.166666666666638,46.52777777777829
0,234,61.05555555555556,1188,15.97222222222219,31.777777777777843
0,235,65.94444444444447,1188,19.444444444444443,35.3888888888891
0,236,64.61111111111111,1188,18.166666666666675,34.222222222222385
0,237,63.7777777777778,1188,10.05555555555554,31.27777777777791
0,238,56.61111111111113,1188,19.08333333333334,36.05555555555578
0,239,72.02777777777777,1188,17.27777777777777,35.88888888888909
0,240,58.88888888888891,1188,17.111111111111075,43.944444444444905
0,241,62.52777777777782,1188,16.833333333333318,38.777777777778056
0,242,60.61111111111112,1188,18.111111111111107,40.61111111111144
0,243,61.36111111111112,1188,23.27777777777784,30.33333333333344
0,244,62.6111111111111,1188,19.444444444444443,32.583333333333464
0,245,55.44444444444448,1188,18.638888888888882,30.194444444444493
0,246,54.861111111111136,1188,16.77777777777777,38.47222222222246
0,247,63.66666666666671,1188,17.1111111111111,41.444444444444784
0,248,59.55555555555555,1188,19.3888888888889,34.88888888888908
0,249,69.83333333333333,1188,26.194444444444514,34.05555555555578
0,250,65.22222222222224,1188,14.722222222222198,47.555555555556104
0,251,49.44444444444445,1188,16.916666666666647,41.08333333333367
0,252,59.972222222222214,1188,16.305555555555532,34.36111111111125
0,253,63.66666666666668,1188,12.333333333333314,36.972222222222506
0,254,58.666666666666664,1188,15.194444444444429,41.08333333333369
0,255,65.99999999999999,1188,17.91666666666665,32.305555555555635
0,256,67.22222222222221,1188,16.305555555555532,45.1388888888894
0,257,58.58333333333336,1188,16.222222222222197,38.52777777777807
0,258,51.55555555555554,1188,15.833333333333309,39.194444444444706
0,259,54.666666666666664,1188,15.80555555555553,41.638888888889255
0,260,73.27777777777781,1188,22.194444444444457,33.50000000000014
0,261,50.66666666666665,1188,17.333333333333314,43.500000000000426
0,262,65.69444444444444,1188,19.249999999999996,41.166666666667
0,263,65.13888888888889,1188,17.361111111111093,40.16666666666698
0,264,68.75000000000001,1188,20.916666666666686,37.44444444444472
0,265,61.58333333333337,1188,17.41666666666664,44.47222222222269
0,266,75.16666666666667,1188,11.638888888888872,40.44444444444479
0,267,63.97222222222223,1188,7.944444444444428,43.861111111111555
0,268,64.72222222222224,1188,14.527777777777755,31.80555555555566
0,269,68.6388888888889,1188,16.694444444444425,42.30555555555595
0,270,67.05555555555556,1188,11.944444444444423,46.25000000000051
0,271,63.72222222222226,1188,18.555555555555575,33.22222222222238
0,272,73.08333333333334,1188,14.888888888888873,45.583333333333854
0,273,59.41666666666669,1188,11.194444444444425,39.61111111111145
0,274,62.72222222222225,1188,13.472222222222198,31.388888888889014
0,275,68.97222222222221,1188,19.027777777777768,34.944444444444585
0,276,61.194444444444436,1188,13.055555555555525,33.666666666666806
0,277,68.11111111111116,1188,21.138888888888914,38.7222222222225
0,278,59.555555555555564,1188,13.444444444444427,37.16666666666689
0,279,65.22222222222223,1188,17.972222222222204,30.444444444444567
0,280,60.55555555555555,1188,13.749999999999982,38.75000000000027
0,281,66.16666666666667,1188,17.944444444444425,42.277777777778155
0,282,53.91666666666668,1188,14.749999999999982,36.19444444444466
0,283,64.25,1266,14.666666666666647,39.916666666667
0,284,57.91666666666668,1266,19.555555555555557,39.08333333333362
0,285,69.16666666666666,1266,8.472222222222207,45.444444444444905
0,286,63.611111111111136,1266,19.805555555555575,37.22222222222247
0,287,69.30555555555556,1266,13.888888888888866,35.722222222222406
0,288,58.61111111111112,1266,14.027777777777759,40.38888888888921
0,289,60.638888888888914,1266,20.972222222222246,40.38888888888921
0,290,76.44444444444446,1266,20.750000000000018,30.027777777777864
0,291,67.77777777777779,1266,19.27777777777778,42.1111111111115
0,292,70.13888888888891,1266,16.444444444444425,33.27777777777792
0,293,63.444444444444464,1266,10.138888888888872,45.638888888889376
0,294,68.88888888888893,1266,21.16666666666668,49.138888888889475
0,295,61.05555555555556,1266,18.388888888888893,36.777777777778034
0,296,63.861111111111114,1266,22.916666666666703,32.11111111111122
0,297,58.361111111111114,1266,12.305555555555541,34.52777777777792
0,298,62.55555555555556,1266,20.888888888888914,35.91666666666688
0,299,66.13888888888889,1266,16.305555555555532,38.27777777777804
0,300,65.77777777777779,1266,12.444444444444423,39.138888888889205
0,301,64.05555555555557,1266,10.388888888888873,40.9722222222226
0,302,81.22222222222223,1266,17.24999999999999,36.611111111111335
0,303,74.94444444444446,1266,12.361111111111091,37.94444444444473
0,304,59.805555555555536,1266,19.805555555555557,31.888888888889003
0,305,58.13888888888891,1266,16.11111111111109,37.527777777778034
0,306,66.1111111111111,1266,17.472222222222207,44.50000000000047
0,307,63.25000000000002,1266,18.944444444444464,32.38888888888899
0,308,70.33333333333337,1266,12.805555555555538,39.333333333333655
0,309,63.47222222222225,1266,15.805555555555527,36.55555555555578
0,310,60.7777777777778,1266,18.27777777777778,36.00000000000027
0,311,74.88888888888891,1266,14.888888888888866,47.36111111111161
0,312,66.91666666666669,1266,7.138888888888876,36.25000000000023
0,313,74.72222222222221,1266,17.249999999999986,35.6388888888891
0,314,72.58333333333333,1266,12.722222222222198,40.527777777778134
0,315,71.08333333333333,1278,19.388888888888886,34.0833333333335
0,316,74.22222222222227,1278,18.66666666666667,42.72222222222263
0,317,58.36111111111113,1398,12.333333333333309,45.69444444444493
0,318,69.13888888888887,1698,15.555555555555529,31.36111111111121
0,319,65.75,1824,15.611111111111079,33.472222222222356
0,320,71.13888888888887,1824,16.694444444444432,39.44444444444473
0,321,63.277777777777786,1962,21.50000000000001,36.05555555555579
0,322,67.44444444444443,2142,14.249999999999972,38.13888888888918
0,323,79.63888888888889,2142,22.38888888888886,38.72222222222254
0,324,74.80555555555554,2142,14.000000000000005,44.055555555555976
0,325,73.38888888888889,2142,19.055555555555554,41.333333333333734
0,326,90.77777777777777,2142,22.999999999999932,34.58333333333351
0,327,78.16666666666667,2142,16.1666666666667,43.00000000000043
0,328,70.69444444444441,2142,26.555555555555493,39.33333333333363
0,329,93.27777777777776,2142,22.916666666666654,41.91666666666706
0,330,72.2222222222222,2214,19.472222222222232,42.916666666667076
0,331,66.50000000000001,2214,23.749999999999982,41.083333333333684
0,332,71.61111111111109,2214,20.61111111111112,37.50000000000024
0,333,77.1944444444444,2214,22.333333333333282,27.722222222222264
0,334,74.22222222222221,2214,20.416666666666657,33.583333333333485
0,335,81.99999999999999,2268,21.30555555555556,43.00000000000038
0,336,79.77777777777777,2274,26.472222222222122,42.72222222222263
0,337,80.8611111111111,2274,15.638888888888905,41.416666666667034
0,338,80.30555555555557,2274,24.583333333333297,40.08333333333369
0,339,80.11111111111111,2274,15.861111111111155,43.27777777777819
0,340,80.30555555555554,2274,18.72222222222224,40.638888888889234
0,341,89.19444444444437,2274,25.833333333333247,35.333333333333535
0,342,79.33333333333334,2280,25.638888888888875,31.88888888888899
0,343,75.61111111111109,2490,26.388888888888808,39.13888888888921
0,344,73.58333333333333,2490,19.333333333333332,32.333333333333435
0,345,81.27777777777779,2490,22.36111111111105,33.50000000000015
0,346,70.63888888888889,2490,17.777777777777782,39.2500000000003
0,347,81.66666666666669,2490,19.055555555555586,36.94444444444467
0,348,82.61111111111109,2490,23.05555555555558,31.638888888888992
0,349,73.80555555555554,2490,20.527777777777786,35.77777777777798
0,350,80.97222222222221,2490,19.583333333333382,42.13888888888926
0,351,76.11111111111113,2490,18.666666666666707,33.083333333333464
0,352,74.30555555555554,2490,12.416666666666677,44.72222222222267
0,353,77.47222222222223,2490,22.888888888888832,39.00000000000032
0,354,75.83333333333333,2490,17.444444444444454,36.61111111111137
0,355,75.27777777777777,2490,17.499999999999996,43.69444444444484
0,356,69.08333333333333,2490,19.222222222222275,40.750000000000334
0,357,77.1111111111111,2490,19.500000000000057,38.86111111111144
0,358,74.44444444444443,2490,15.611111111111132,38.52777777777802
0,359,84.74999999999999,2490,21.74999999999994,48.69444444444499
0,360,70.13888888888889,2490,30.333333333333343,26.944444444444493
0,361,77.41666666666666,2490,28.08333333333325,34.41666666666683
0,362,82.66666666666666,2490,21.638888888888932,42.805555555555955
0,363,78.19444444444446,2502,21.083333333333304,31.7777777777779
0,364,68.58333333333333,2802,24.88888888888888,37.97222222222249
0,365,79.24999999999994,2820,20.722222222222225,32.97222222222234
0,366,71.22222222222223,2826,22.16666666666662,41.777777777778134
0,367,82.38888888888884,2868,27.80555555555552,41.88888888888924
0,368,86.16666666666664,2874,19.805555555555557,41.38888888888924
0,369,90.24999999999999,2970,25.222222222222122,40.361111111111434
0,370,72.77777777777783,2976,23.555555555555532,33.861111111111256
0,371,89.91666666666664,2982,32.166666666666536,37.222222222222456
0,372,85.94444444444437,2994,25.249999999999936,33.472222222222335
0,373,84.72222222222219,2994,27.083333333333254,33.63888888888902
0,374,85.27777777777776,2994,21.749999999999968,43.19444444444484
0,375,78.63888888888887,2994,29.694444444444358,31.75000000000009
0,376,76.63888888888883,2994,28.916666666666668,34.38888888888907
0,377,75.6944444444444,2994,33.1388888888888,30.00000000000011
0,378,81.19444444444444,3006,24.11111111111104,36.19444444444464
0,379,87.74999999999997,3030,22.66666666666663,42.58333333333372
0,380,81.6944444444444,3198,20.527777777777764,49.69444444444505
0,381,93.66666666666666,3198,18.666666666666675,45.00000000000045
0,382,84.36111111111109,3198,24.4444444444444,43.58333333333377
0,383,84.88888888888887,3198,35.1944444444444,39.027777777778084
0,384,82.80555555555556,3198,25.138888888888793,43.0277777777782
0,385,76.83333333333331,3198,32.5833333333332,34.027777777777914
0,386,86.9722222222222,3210,20.166666666666647,29.69444444444451
0,387,85.86111111111111,3210,17.7777777777778,39.30555555555585
0,388,84.24999999999997,3210,25.611111111111036,37.94444444444475
0,389,72.77777777777779,3210,22.249999999999957,43.555555555556005
0,390,83.05555555555559,3210,25.083333333333258,30.416666666666735
0,391,86.86111111111113,3210,23.055555555555507,39.861111111111434
0,392,92.69444444444446,3210,22.416666666666643,39.08333333333364
0,393,80.41666666666664,3210,13.91666666666669,47.9166666666672
0,394,82.0,3210,19.583333333333336,39.250000000000334
0,395,88.44444444444443,3210,18.25,45.69444444444495
0,396,70.24999999999997,3210,25.72222222222214,26.666666666666703
0,397,85.11111111111107,3210,23.99999999999996,33.527777777777914
0,398,96.63888888888889,3210,20.305555555555554,36.583333333333556
0,399,80.66666666666664,3210,20.722222222222197,35.41666666666688
0,400,76.22222222222221,3210,23.63888888888885,33.1111111111113
0,401,74.88888888888887,3210,24.138888888888832,32.027777777777864
0,402,85.74999999999996,3210,20.47222222222221,40.58333333333373
0,403,92.77777777777776,3210,22.305555555555504,46.88888888888939
0,404,84.13888888888889,3210,20.749999999999996,32.27777777777785
0,405,87.30555555555554,3210,22.416666666666618,38.55555555555584
0,406,76.44444444444446,3210,19.916666666666654,39.50000000000033
0,407,96.72222222222226,3210,25.333333333333275,43.72222222222267
0,408,84.36111111111113,3210,25.249999999999925,36.30555555555578
0,409,89.91666666666664,3210,24.583333333333268,32.16666666666676
0,410,76.91666666666667,3210,21.444444444444418,41.3333333333337
0,411,88.86111111111111,3210,27.249999999999893,33.36111111111125
0,412,81.00000000000001,3210,23.138888888888854,34.19444444444459
0,413,69.16666666666666,3210,17.69444444444445,39.583333333333606
0,414,88.30555555555554,3210,19.30555555555556,46.08333333333385
0,415,95.41666666666661,3210,19.861111111111118,43.250000000000426
0,416,81.83333333333329,3210,29.888888888888797,34.86111111111128
0,417,79.75,3210,17.88888888888889,42.80555555555595
0,418,92.58333333333329,3210,20.055555555555554,39.88888888888921
0,419,81.16666666666664,3210,23.69444444444438,40.75000000000032
0,420,94.19444444444444,3210,23.88888888888883,42.16666666666708
0,421,93.38888888888883,3210,23.972222222222157,42.77777777777822
0,422,90.44444444444447,3210,25.055555555555465,27.277777777777857
0,423,88.83333333333334,3210,20.88888888888888,48.527777777778326
0,424,86.19444444444441,3210,22.416666666666636,40.72222222222257
0,425,88.91666666666664,3210,21.999999999999975,44.30555555555596
0,426,79.77777777777777,3210,31.083333333333194,37.66666666666691
0,427,90.83333333333333,3210,20.02777777777776,56.000000000000746
0,428,96.24999999999996,3324,29.77777777777765,56.416666666667446
0,429,99.55555555555549,3378,23.527777777777715,52.69444444444517
0,430,98.88888888888889,3612,20.638888888888868,83.55555555555692
0,431,112.61111111111113,3642,16.444444444444475,77.38888888889012
0,432,99.19444444444443,3726,27.52777777777768,72.38888888889001
0,433,94.66666666666667,3726,17.19444444444446,79.44444444444527
0,434,99.55555555555556,3834,25.027777777777693,76.75000000000108
0,435,99.2222222222222,3846,17.138888888888907,104.22222222222398
0,436,100.5833333333333,3864,18.166666666666664,105.3055555555573
0,437,119.3611111111111,3864,21.49999999999998,91.83333333333486
0,438,119.33333333333334,3864,19.472222222222214,114.41666666666859
0,439,123.30555555555556,3864,20.527777777777757,94.25000000000153
0,440,115.11111111111107,3864,19.499999999999996,107.11111111111289
0,441,115.3611111111111,3864,14.277777777777802,115.52777777777972
0,442,112.83333333333333,3864,25.86111111111103,98.38888888889058
0,443,102.27777777777776,3864,20.88888888888888,97.77777777777935
0,444,107.19444444444446,3864,13.722222222222241,111.77777777777962
0,445,117.38888888888887,3864,28.194444444444372,91.4444444444459
0,446,108.11111111111109,3864,13.527777777777802,107.97222222222405
0,447,105.47222222222216,3864,30.916666666666533,88.3611111111125
0,448,118.41666666666669,3864,16.833333333333353,103.27777777777955
0,449,116.58333333333333,3864,20.777777777777747,93.77777777777929
0,450,99.69444444444446,3864,15.77777777777782,104.36111111111285
0,451,124.08333333333337,3864,20.611111111111104,97.30555555555716
0,452,114.30555555555556,3864,22.38888888888884,98.0277777777794
0,453,98.27777777777779,3864,20.222222222222225,94.33333333333482
0,454,106.7777777777778,3864,21.388888888888847,94.94444444444603
0,455,113.41666666666664,3864,21.416666666666615,95.69444444444606
0,456,126.72222222222221,3864,17.444444444444454,110.72222222222412
0,457,110.94444444444439,3864,13.722222222222241,111.27777777777963
0,458,119.52777777777777,3864,13.833333333333362,102.33333333333508
0,459,112.02777777777777,3864,25.138888888888808,99.50000000000168
0,460,118.0,3864,20.555555555555546,102.97222222222396
0,461,103.05555555555554,3864,17.61111111111113,101.22222222222395
0,462,128.6111111111111,3864,15.861111111111146,117.58333333333536
0,463,126.13888888888886,3864,19.916666666666654,105.22222222222396
0,464,118.83333333333336,3864,25.138888888888832,91.27777777777935
0,465,114.33333333333333,3864,16.55555555555558,111.75000000000186
0,466,121.16666666666666,3864,20.77777777777776,93.50000000000156
0,467,117.63888888888883,3864,17.00000000000003,103.19444444444625
0,468,116.11111111111107,3864,34.66666666666663,71.08333333333445
0,469,123.02777777777777,3864,24.249999999999936,90.33333333333483
0,470,101.6111111111111,3894,24.499999999999943,82.80555555555691
0,471,109.55555555555544,3984,31.972222222222044,67.11111111111212
0,472,100.55555555555557,3996,15.194444444444473,92.4444444444459
0,473,108.44444444444443,3996,32.16666666666652,67.44444444444542
0,474,98.91666666666667,3996,25.6388888888888,68.61111111111218
0,475,112.41666666666661,3996,23.72222222222216,70.5000000000011
0,476,109.61111111111109,3996,26.722222222222133,68.11111111111211
0,477,109.4444444444444,3996,27.361111111111008,68.72222222222327
0,478,107.58333333333327,3996,29.472222222222097,70.2222222222233
0,479,113.24999999999997,3996,25.166666666666586,70.86111111111215
0,480,91.55555555555553,3996,25.972222222222136,67.6666666666677
0,481,99.0277777777778,3996,25.083333333333254,67.08333333333432
0,482,99.49999999999994,3996,25.694444444444358,73.41666666666782
0,483,108.91666666666664,3996,20.083333333333307,81.36111111111241
0,484,103.13888888888886,3996,23.694444444444375,82.9444444444458
0,485,105.99999999999999,3996,25.277777777777708,80.75000000000126
0,486,101.33333333333336,3996,15.000000000000037,90.80555555555704
0,487,115.25,3996,21.888888888888868,74.36111111111224
0,488,102.33333333333333,3996,27.222222222222104,63.80555555555651
0,489,113.72222222222219,3996,19.30555555555554,78.33333333333458
0,490,112.11111111111113,3996,27.05555555555548,58.750000000000796
0,491,104.94444444444447,3996,17.444444444444457,75.88888888889
0,492,97.58333333333329,3996,25.694444444444393,75.25000000000115
0,493,104.69444444444441,3996,24.027777777777725,86.55555555555695
0,494,115.13888888888883,3996,13.333333333333352,94.27777777777933
0,495,114.55555555555554,3996,21.388888888888857,82.55555555555682
0,496,108.38888888888891,3996,19.888888888888868,83.00000000000128
0,497,99.63888888888887,3996,21.388888888888868,82.66666666666785
0,498,107.6944444444444,3996,20.7222222222222,75.36111111111234
0,499,97.52777777777777,3996,25.722222222222136,82.58333333333468
0,500,103.27777777777774,3996,19.388888888888882,88.36111111111249
0,501,100.69444444444444,3996,26.222222222222143,78.44444444444565
0,502,106.13888888888886,3996,26.583333333333247,75.08333333333447
0,503,94.86111111111113,4170,25.861111111111022,79.69444444444566
0,504,110.86111111111109,4188,22.88888888888884,88.41666666666801
0,505,104.19444444444444,4188,22.972222222222214,88.27777777777916
0,506,109.94444444444443,4188,21.638888888888882,77.7500000000012
0,507,96.97222222222221,4188,26.638888888888804,76.83333333333451
0,508,112.94444444444443,4194,15.444444444444477,88.5833333333347
0,509,106.66666666666664,4194,17.500000000000014,81.8611111111124
0,510,116.91666666666659,4296,16.277777777777803,94.47222222222379
0,511,104.47222222222217,4296,14.916666666666687,81.72222222222354
0,512,103.58333333333331,4344,16.833333333333357,79.36111111111234
0,513,114.8888888888889,4350,21.749999999999996,81.16666666666796
0,514,98.97222222222226,4350,19.749999999999996,88.83333333333474
0,515,94.16666666666667,4374,26.47222222222213,73.1111111111122
0,516,115.80555555555553,4596,22.916666666666632,75.47222222222335
0,517,91.2777777777777,4638,27.91666666666656,73.69444444444557
0,518,102.72222222222221,4638,19.444444444444393,78.44444444444566
0,519,95.1388888888889,4638,18.166666666666636,86.80555555555692
0,520,113.38888888888887,4680,25.583333333333258,67.38888888888992
0,521,116.24999999999997,4806,28.666666666666636,86.8333333333347
0,522,128.72222222222226,4806,26.694444444444386,75.52777777777892
0,523,137.25000000000006,4806,22.055555555555504,80.30555555555688
0,524,120.72222222222224,4812,26.416666666666572,86.77777777777914
0,525,121.80555555555557,4818,29.416666666666664,93.19444444444594
0,526,100.91666666666667,4818,37.63888888888894,66.36111111111208
0,527,135.4166666666667,4818,28.583333333333236,72.3055555555567
0,528,142.08333333333337,4818,32.88888888888885,81.86111111111244
0,529,137.13888888888886,4818,37.388888888888964,71.0000000000011
0,530,118.66666666666669,4824,39.77777777777786,76.75000000000117
0,531,144.1944444444444,4824,14.055555555555545,87.61111111111254
0,532,137.69444444444449,4824,37.86111111111114,80.75000000000124
0,533,107.05555555555557,4824,18.86111111111106,93.38888888889035
0,534,116.55555555555556,4824,19.499999999999993,74.0000000000011
0,535,130.19444444444449,4824,21.33333333333329,85.6944444444458
0,536,144.2777777777778,4824,26.305555555555507,80.50000000000124
0,537,135.80555555555557,4836,34.861111111111114,75.88888888889008
0,538,126.63888888888889,4866,27.694444444444322,74.44444444444561
0,539,121.97222222222226,4878,35.25000000000001,75.80555555555667
0,540,120.47222222222227,4884,28.77777777777769,85.44444444444578
0,541,122.19444444444449,4890,19.41666666666665,84.5555555555569
0,542,121.36111111111109,4890,33.63888888888883,81.30555555555686
0,543,123.99999999999999,4890,24.94444444444438,76.3611111111123
0,544,119.30555555555557,4890,27.472222222222086,71.16666666666775
0,545,114.02777777777777,4890,22.305555555555483,86.41666666666805
0,546,143.72222222222223,4920,28.02777777777766,73.75000000000115
0,547,130.19444444444449,4920,27.944444444444397,83.6388888888902
0,548,121.58333333333336,4932,25.66666666666658,80.25000000000124
0,549,131.30555555555563,4944,23.38888888888884,75.63888888889005
0,550,109.08333333333331,4950,26.638888888888822,91.66666666666809
0,551,125.25,4956,23.83333333333327,82.11111111111242
0,552,128.24999999999997,4962,28.833333333333233,78.88888888889012
0,553,135.75,4962,17.166666666666657,85.55555555555686
0,554,116.55555555555553,4968,32.47222222222205,62.83333333333429
0,555,141.25,4968,30.4999999999999,66.22222222222324
0,556,116.08333333333337,4974,19.611111111111036,81.58333333333458
0,557,136.25000000000009,4986,27.611111111111022,83.08333333333458
0,558,141.72222222222214,4986,23.08333333333328,86.05555555555691
0,559,133.5555555555556,4986,29.111111111110937,85.97222222222366
0,560,154.5277777777778,4986,38.33333333333344,82.08333333333464
0,561,126.77777777777784,5016,24.166666666666586,78.6944444444457
0,562,140.33333333333337,5016,29.555555555555465,85.75000000000134
0,563,136.25000000000003,5016,29.999999999999932,80.47222222222351
0,564,144.97222222222226,5016,27.02777777777773,75.58333333333454
0,565,138.0555555555555,5022,34.499999999999964,76.83333333333455
0,566,125.86111111111111,5034,36.61111111111115,73.25000000000114
0,567,128.58333333333334,5040,40.00000000000016,84.33333333333465
0,568,142.63888888888889,5040,47.13888888888924,71.72222222222332
0,569,131.2777777777778,5040,38.527777777777835,59.5000000000008
0,570,123.6666666666667,5040,22.194444444444397,96.19444444444595
0,571,135.22222222222226,5040,43.02777777777794,66.6388888888899
0,572,129.30555555555557,5040,37.58333333333341,73.66666666666775
0,573,125.80555555555556,5040,37.1666666666667,62.36111111111204
0,574,141.22222222222217,5040,33.24999999999996,90.02777777777919
0,575,152.88888888888889,5040,39.72222222222235,81.30555555555678
0,576,152.30555555555554,5040,32.305555555555436,72.6111111111122
0,577,127.5277777777778,5040,40.694444444444635,63.750000000000966
0,578,151.63888888888894,5040,31.361111111111008,98.22222222222379
0,579,143.74999999999997,5040,33.16666666666659,81.2500000000013
0,580,145.63888888888889,5040,33.61111111111103,83.8333333333347
0,581,130.30555555555554,5040,33.11111111111105,91.25000000000156
0,582,141.86111111111114,5040,31.861111111111008,84.36111111111241
0,583,142.27777777777783,5040,32.30555555555542,80.66666666666796
0,584,124.63888888888891,5040,30.333333333333286,78.61111111111232
0,585,131.6944444444445,5040,29.194444444444393,80.30555555555682
0,586,146.25000000000009,5040,34.138888888888836,81.3333333333346
0,587,133.33333333333331,5040,35.88888888888888,84.00000000000132
0,588,119.86111111111111,5040,24.972222222222168,94.58333333333488
0,589,143.50000000000009,5040,26.86111111111102,92.1944444444459
0,590,144.88888888888897,5040,36.63888888888891,72.5000000000011
0,591,140.33333333333337,5040,37.72222222222229,76.63888888889001
0,592,125.38888888888894,5040,34.499999999999964,88.25000000000149
0,593,138.55555555555551,5040,29.416666666666618,81.05555555555681
0,594,131.1388888888889,5040,41.5555555555557,75.33333333333451
0,595,170.66666666666674,5040,32.055555555555515,77.1111111111123
0,596,135.69444444444446,5040,34.44444444444442,81.88888888889024
0,597,132.33333333333334,5040,42.4166666666669,83.88888888889024
0,598,158.11111111111126,5040,39.80555555555575,78.69444444444562
0,599,147.83333333333334,5040,32.49999999999994,81.41666666666785
0,600,142.1666666666667,5040,24.638888888888847,81.52777777777904
0,601,149.77777777777786,5040,38.16666666666681,79.22222222222346
0,602,131.50000000000003,5286,46.63888888888919,82.61111111111241
0,603,156.5833333333334,5400,41.41666666666683,94.38888888889046
0,604,153.7777777777778,5412,41.13888888888902,77.4722222222238
0,605,128.02777777777783,5412,48.72222222222264,75.47222222222376
0,606,148.5,5412,38.944444444444485,83.02777777777949
0,607,171.27777777777777,5496,40.166666666666806,152.38888888889207
0,608,171.3055555555556,5496,35.94444444444442,146.08333333333633
0,609,169.33333333333337,5496,34.74999999999994,164.6111111111147
0,610,178.91666666666669,5496,28.63888888888882,153.36111111111438
0,611,179.22222222222217,5496,40.08333333333349,159.9722222222256
0,612,207.91666666666674,5496,38.6388888888889,158.02777777778107
0,613,185.97222222222226,5496,36.58333333333334,146.41666666666964
0,614,188.72222222222226,5496,42.500000000000206,146.19444444444744
0,615,178.33333333333331,5496,39.30555555555566,162.47222222222572
0,616,177.83333333333337,5514,33.63888888888885,152.5000000000032
0,617,203.66666666666669,5514,27.472222222222126,157.7777777777811
0,618,191.8055555555556,5532,41.00000000000022,166.86111111111472
0,619,195.05555555555554,5538,40.555555555555706,141.19444444444733
0,620,196.49999999999997,5538,31.9722222222221,150.86111111111427
0,621,162.19444444444446,5538,28.694444444444375,182.4722222222262
0,622,182.44444444444443,5544,38.8611111111112,125.94444444444694
0,623,181.9722222222222,5550,39.944444444444585,160.80555555555898
0,624,203.30555555555551,5556,31.72222222222213,151.86111111111418
0,625,191.63888888888894,5586,28.97222222222217,148.750000000003
0,626,163.88888888888903,5586,41.555555555555706,140.02777777778059
0,627,210.8888888888889,5586,25.805555555555486,160.66666666666995
0,628,188.47222222222226,5586,32.69444444444436,147.88888888889196
0,629,181.66666666666669,5586,34.61111111111106,155.91666666666978
0,630,201.9444444444445,5586,41.13888888888904,138.22222222222496
0,631,227.02777777777774,5586,32.749999999999886,174.3611111111148
0,632,182.36111111111123,5586,41.3611111111113,160.25000000000344
0,633,206.86111111111117,5586,29.805555555555475,163.5555555555591
0,634,199.33333333333334,5586,49.583333333333684,164.2222222222257
0,635,192.25000000000009,5586,36.50000000000005,162.94444444444787
0,636,190.08333333333337,5586,36.88888888888897,171.27777777778135
0,637,178.08333333333331,5586,13.305555555555532,175.97222222222598
0,638,208.97222222222229,5586,42.972222222222435,161.9444444444478
0,639,193.97222222222217,5586,38.55555555555563,166.27777777778138
0,640,208.33333333333334,5586,37.194444444444485,163.97222222222572
0,641,221.38888888888886,5586,34.52777777777781,159.8055555555589
0,642,195.69444444444449,5586,33.77777777777776,176.8611111111149
0,643,195.86111111111111,5586,39.33333333333344,146.38888888889187
0,644,207.22222222222211,5586,27.416666666666618,158.77777777778107
0,645,184.94444444444449,5586,41.166666666666856,132.4444444444471
0,646,189.80555555555563,5586,43.75000000000021,145.16666666666967
0,647,166.97222222222226,5586,43.22222222222241,170.1388888888925
0,648,192.69444444444449,5586,51.500000000000426,143.86111111111407
0,649,196.83333333333337,5586,22.055555555555465,184.11111111111512
0,650,172.99999999999997,5586,26.138888888888832,199.7777777777822
0,651,194.3333333333333,5586,49.444444444444855,143.86111111111404
0,652,202.27777777777783,5586,36.861111111111164,158.41666666666998
0,653,207.1944444444445,5586,41.66666666666688,168.944444444448
0,654,194.47222222222229,5586,48.61111111111151,171.72222222222587
0,655,189.00000000000006,5586,31.777777777777718,182.66666666667066
0,656,182.94444444444446,5586,21.13888888888884,186.33333333333738
0,657,184.888888888889,5682,46.9444444444448,134.22222222222496
0,658,191.72222222222226,5682,56.27777777777839,151.80555555555864
0,659,188.88888888888889,5682,46.91666666666703,170.00000000000364
0,660,207.97222222222217,6204,47.611111111111484,155.91666666666987
0,661,201.94444444444446,6660,53.58333333333387,155.41666666666995
0,662,211.52777777777786,6660,42.333333333333556,155.55555555555873
0,663,191.44444444444449,6834,36.3055555555556,174.80555555555924
0,664,200.9166666666667,6834,43.25000000000024,171.66666666667038
0,665,195.47222222222223,6834,38.833333333333464,166.19444444444804
0,666,210.11111111111106,6834,49.5277777777782,168.75000000000352
0,667,193.44444444444437,6948,57.97222222222288,151.30555555555864
0,668,196.6111111111111,6954,52.777777777778304,134.0555555555583
0,669,200.86111111111114,7056,47.52777777777814,154.08333333333658
0,670,201.8055555555556,7164,35.63888888888892,192.36111111111538
0,671,171.5,7218,58.97222222222291,143.16666666666953
0,672,189.41666666666677,7254,42.61111111111134,162.41666666667007
0,673,210.11111111111111,7260,52.44444444444495,172.80555555555927
0,674,208.30555555555569,7266,44.694444444444734,166.94444444444792
0,675,192.7777777777779,7284,35.8055555555556,188.27777777778175
0,676,190.19444444444454,7290,53.36111111111163,166.30555555555924
0,677,192.25,7296,53.52777777777832,149.19444444444744
0,678,195.41666666666674,7296,33.13888888888885,170.91666666667032
0,679,193.61111111111114,7296,64.9444444444453,146.52777777778073
0,680,190.22222222222214,7296,50.00000000000043,160.94444444444775
0,681,206.19444444444463,7296,30.52777777777771,173.36111111111475
0,682,165.80555555555563,7296,36.083333333333385,172.38888888889258
0,683,213.0555555555556,7296,65.38888888888977,152.97222222222544
0,684,198.02777777777777,7296,45.47222222222253,169.3888888888925
0,685,192.66666666666663,7296,56.08333333333395,151.55555555555864
0,686,194.19444444444463,7296,47.666666666667034,179.4722222222261
0,687,211.16666666666677,7296,57.388888888889554,176.50000000000372
0,688,208.27777777777777,7296,43.08333333333358,155.91666666666987
0,689,198.66666666666683,7296,40.833333333333506,186.38888888889306
0,690,237.47222222222234,7296,40.38888888888905,171.22222222222578
0,691,208.27777777777789,7296,50.55555555555601,169.72222222222578
0,692,194.5833333333334,7296,55.77777777777838,159.66666666667
0,693,208.13888888888894,7296,44.30555555555583,184.69444444444846
0,694,188.5000000000001,7296,38.69444444444457,185.50000000000404
0,695,204.44444444444454,7296,41.38888888888909,171.3611111111147
0,696,205.6666666666667,7296,51.97222222222272,156.27777777778107
0,697,186.08333333333337,7296,34.3611111111111,190.66666666667084
0,698,202.8333333333335,7296,38.138888888889,176.0277777777816
0,699,190.02777777777777,7296,50.91666666666714,174.91666666667038
0,700,216.97222222222237,7296,54.66666666666725,167.05555555555912
0,701,199.0,7296,42.50000000000022,160.88888888889235
0,702,188.36111111111114,7296,43.333333333333584,167.69444444444807
0,703,197.97222222222229,7296,39.833333333333485,157.58333333333672
0,704,178.94444444444457,7296,37.52777777777786,170.47222222222572
0,705,187.11111111111123,7344,15.833333333333293,176.88888888889272
0,706,178.33333333333334,7374,44.583333333333606,163.97222222222567
0,707,182.91666666666666,7374,27.52777777777771,182.61111111111504
0,708,174.11111111111114,7374,23.611111111111054,177.33333333333718
0,709,191.00000000000003,7374,34.583333333333336,172.02777777778138
0,710,173.08333333333337,7374,42.86111111111134,141.66666666666956
0,711,185.22222222222217,7374,62.94444444444525,159.3611111111144
0,712,174.6388888888889,7374,64.80555555555641,153.94444444444767
0,713,167.41666666666674,7374,38.0000000000001,171.194444444448
0,714,171.88888888888894,7374,46.97222222222258,173.16666666667032
0,715,189.91666666666683,7374,63.3888888888897,158.02777777778118
0,716,196.86111111111117,7374,60.30555555555629,158.66666666667004
0,717,175.36111111111114,7374,63.41666666666748,147.38888888889196
0,718,193.30555555555554,7374,52.2500000000005,161.50000000000338
0,719,167.88888888888894,7374,32.97222222222218,203.3333333333377
0,720,192.02777777777794,7374,35.08333333333335,187.97222222222624
0,721,195.52777777777774,7374,54.388888888889454,168.4444444444479
0,722,190.9444444444445,7374,52.27777777777829,159.8611111111144
0,723,194.80555555555551,7374,49.72222222222265,169.19444444444807
0,724,218.27777777777786,7374,53.5555555555561,161.75000000000335
0,725,209.91666666666669,7374,53.72222222222277,169.7777777777813
0,726,197.41666666666674,7374,48.777777777778184,172.63888888889267
0,727,181.80555555555557,7374,58.19444444444512,183.25000000000395
0,728,209.11111111111114,7374,75.52777777777894,159.44444444444784
0,729,221.80555555555554,7374,52.13888888888941,188.22222222222638
0,730,200.4722222222223,7374,76.66666666666787,152.2777777777809
0,731,199.19444444444454,7374,73.91666666666778,146.05555555555856
0,732,227.52777777777786,7374,58.66666666666735,171.2777777777814
0,733,196.69444444444446,7374,84.02777777777918,145.63888888889193
0,734,208.5833333333334,7374,39.055555555555685,176.72222222222604
0,735,238.05555555555557,7374,77.25000000000117,157.75000000000324
0,736,225.4166666666667,7374,56.5277777777784,181.4166666666707
0,737,205.47222222222229,7374,62.55555555555635,177.50000000000375
0,738,216.08333333333337,7374,67.38888888888982,171.2222222222258
0,739,215.58333333333337,7374,70.38888888888991,173.91666666667047
0,740,216.3888888888889,7374,95.97222222222398,130.05555555555816
0,741,212.83333333333346,7374,66.22222222222312,174.41666666667032
0,742,208.33333333333334,7374,61.97222222222301,170.72222222222578
0,743,223.0555555555556,7374,70.33333333333434,158.38888888889213
0,744,211.1111111111112,7374,69.75000000000098,153.6388888888921
0,745,207.88888888888897,7374,77.27777777777898,156.13888888889213
0,746,211.9444444444445,7374,62.75000000000081,175.5277777777815
0,747,202.58333333333334,7374,66.41666666666757,165.3333333333369
0,748,221.41666666666669,7374,52.05555555555604,188.55555555555952
0,749,218.4722222222223,7374,47.916666666667055,183.4444444444484
0,750,227.38888888888897,7416,83.25000000000138,148.38888888889196
0,751,216.6388888888889,7488,54.944444444445026,189.38888888889295
0,752,209.44444444444449,7506,74.9444444444456,152.75000000000315
0,753,193.75,7566,57.16666666666731,176.3055555555592
0,754,192.5277777777778,7668,55.75000000000061,181.55555555555938
0,755,226.52777777777774,7668,53.416666666667204,195.86111111111558
0,756,220.0277777777778,7680,57.13888888888954,167.6666666666702
0,757,210.33333333333343,7686,70.05555555555657,149.36111111111418
0,758,198.55555555555566,7686,62.05555555555633,175.08333333333704
0,759,211.22222222222229,7686,65.19444444444531,172.47222222222587
0,760,208.02777777777774,7692,55.27777777777836,178.88888888889272
0,761,219.52777777777786,7692,73.02777777777885,147.4722222222252
0,762,206.38888888888897,7692,55.000000000000576,181.16666666667066
0,763,192.47222222222223,7692,65.63888888888977,152.63888888889204
0,764,242.13888888888889,7692,70.2777777777788,156.97222222222535
0,765,211.7777777777778,7692,64.30555555555638,174.9444444444481
0,766,218.38888888888889,7692,56.2777777777784,171.16666666667024
0,767,197.5555555555556,7692,74.8055555555567,158.47222222222555
0,768,211.97222222222229,7692,82.47222222222358,146.61111111111416
0,769,202.0,7692,57.6944444444451,169.13888888889235
0,770,202.8888888888889,7692,42.33333333333356,179.16666666667055
0,771,211.52777777777789,7692,42.91666666666691,178.1388888888926
0,772,221.3888888888889,7692,39.66666666666681,190.05555555555966
0,773,207.11111111111114,7692,52.19444444444495,163.6388888888922
0,774,196.66666666666677,7692,48.444444444444834,190.8055555555597
0,775,184.91666666666663,7692,48.97222222222263,164.30555555555898
0,776,219.6666666666667,7704,60.33333333333406,158.5000000000033
0,777,190.77777777777783,7746,55.33333333333392,154.0000000000032
0,778,192.61111111111123,7746,50.63888888888935,178.97222222222598
0,779,211.0000000000001,7746,68.41666666666764,149.3333333333364
0,780,194.7222222222222,7818,70.1388888888899,153.527777777781
0,781,202.9444444444445,7860,31.194444444444372,202.36111111111552
0,782,208.5555555555556,7860,52.694444444444954,177.61111111111487
0,783,213.05555555555563,7890,63.472222222223046,167.38888888889238
0,784,228.0833333333335,8034,46.77777777777813,173.3611111111149
0,785,219.33333333333337,8034,52.16666666666717,163.50000000000344
0,786,197.30555555555563,8034,53.05555555555609,160.19444444444767
0,787,199.72222222222217,8052,44.36111111111138,193.08333333333744
0,788,170.27777777777786,8052,48.500000000000405,172.97222222222584
0,789,217.58333333333348,8076,52.5277777777783,159.38888888889215
0,790,201.7500000000001,8160,43.80555555555581,184.47222222222626
0,791,227.3611111111111,8226,60.69444444444519,170.91666666667032
0,792,218.58333333333343,8232,59.0000000000007,142.611111111114
0,793,199.61111111111126,8268,47.05555555555592,164.11111111111455
0,794,228.63888888888886,8268,57.444444444445104,150.4444444444475
0,795,247.75,8274,54.16666666666723,157.3888888888922
0,796,227.4722222222222,8274,52.055555555556055,166.05555555555898
0,797,209.94444444444454,8274,59.000000000000696,162.83333333333678
0,798,231.36111111111111,8274,61.02777777777853,164.91666666667012
0,799,200.50000000000003,8274,58.4722222222229,182.50000000000392
0,800,236.97222222222226,8310,50.00000000000044,165.77777777778127
0,801,232.8611111111112,8316,55.97222222222283,176.58333333333718
0,802,240.86111111111114,8316,44.583333333333634,185.05555555555955
0,803,227.33333333333331,8322,52.47222222222275,138.16666666666944
0,804,232.08333333333337,8328,66.72222222222312,162.63888888889235
0,805,230.30555555555551,8328,56.94444444444509,159.22222222222555
0,806,220.25000000000003,8346,44.80555555555585,169.94444444444815
0,807,209.80555555555554,8346,34.41666666666667,192.5000000000042
0,808,219.0277777777778,8346,49.6666666666671,187.111111111115
0,809,224.38888888888883,8346,60.38888888888962,165.8888888888925
0,810,240.19444444444434,8382,60.50000000000073,155.47222222222533
0,811,215.52777777777786,8388,50.666666666667126,164.97222222222567
0,812,250.16666666666666,8454,63.44444444444527,161.44444444444775
0,813,211.3333333333334,8460,48.77777777777819,170.25000000000352
0,814,229.00000000000003,8460,59.75000000000072,142.00000000000287
0,815,232.80555555555554,8472,50.63888888888935,175.4444444444482
0,816,222.91666666666669,8478,44.2222222222225,183.5555555555594
0,817,226.86111111111106,8478,54.55555555555612,178.13888888889267
0,818,221.94444444444449,8490,39.13888888888902,195.02777777778212
0,819,239.97222222222229,8514,60.55555555555629,151.9444444444477
0,820,219.19444444444446,8586,44.694444444444734,183.80555555555952
0,821,208.2777777777778,8586,66.9166666666676,151.47222222222524
0,822,210.88888888888889,8586,45.694444444444756,170.00000000000355
0,823,221.6666666666666,8598,48.777777777778184,169.00000000000358
0,824,214.8888888888889,8622,56.972222222222854,167.25000000000355
0,825,217.27777777777777,8646,52.72222222222275,164.66666666667004
0,826,235.1666666666666,8646,54.50000000000057,154.80555555555873
0,827,209.11111111111114,8646,41.80555555555576,163.13888888889235
0,828,225.2222222222223,8646,62.916666666667474,135.47222222222499
0,829,221.44444444444449,8646,48.361111111111505,169.11111111111458
0,830,216.30555555555557,8646,80.44444444444572,131.3055555555582
0,831,235.30555555555554,8646,51.97222222222271,170.25000000000364
0,832,225.08333333333331,8646,51.75000000000049,171.8333333333371
0,833,244.5833333333333,8646,60.05555555555629,151.69444444444756
0,834,221.5,8646,48.52777777777817,181.50000000000387
0,835,247.0833333333334,8646,37.86111111111121,175.69444444444815
0,836,244.38888888888897,8646,53.44444444444499,171.5277777777814
0,837,244.75000000000006,8652,55.58333333333394,168.77777777778135
0,838,222.69444444444449,8652,40.63888888888906,174.11111111111492
0,839,228.86111111111117,8652,45.61111111111143,180.27777777778167
0,840,214.33333333333331,8652,52.861111111111626,184.30555555555964
0,841,234.4166666666666,8670,69.44444444444542,153.44444444444756
0,842,219.38888888888886,8682,55.50000000000059,174.72222222222592
0,843,227.08333333333334,8694,52.2500000000005,184.72222222222624
0,844,218.4166666666666,8724,63.833333333334174,156.3333333333365
0,845,210.9722222222222,8730,56.55555555555618,163.8888888888923
0,846,208.50000000000009,8730,53.27777777777831,157.27777777778113
0,847,219.05555555555569,8730,60.94444444444518,158.8611111111144
0,848,238.36111111111114,8730,31.055555555555486,197.61111111111535
0,849,210.44444444444437,8730,45.75000000000033,175.58333333333704
0,850,237.74999999999997,8730,47.027777777778134,188.2222222222264
0,851,221.86111111111111,8730,53.91666666666722,162.00000000000338
0,852,215.38888888888897,8748,52.16666666666717,176.38888888889272
0,853,247.3888888888889,8748,72.80555555555664,147.13888888889193
0,854,240.55555555555546,8754,60.388888888889625,167.66666666667018
0,855,234.2777777777778,8754,60.66666666666741,166.72222222222578
0,856,252.22222222222211,8754,59.5277777777785,152.94444444444767
0,857,218.6388888888889,8784,54.888888888889475,169.11111111111458
0,858,225.69444444444457,8790,51.80555555555605,179.86111111111492
0,859,211.08333333333326,8796,37.472222222222314,183.52777777778175
0,860,208.55555555555554,8796,60.63888888888964,167.30555555555918
0,861,231.30555555555563,8796,54.22222222222278,154.69444444444756
0,862,225.6388888888889,8802,50.38888888888933,186.63888888889292
0,863,217.44444444444446,8808,44.44444444444473,180.38888888889275
0,864,232.94444444444443,8808,54.66666666666725,158.66666666666995
0,865,246.86111111111111,8808,59.97222222222294,179.361111111115
0,866,223.33333333333334,8808,62.22222222222301,153.2500000000032
0,867,240.77777777777774,8820,43.50000000000025,185.11111111111518
0,868,241.94444444444446,8820,38.19444444444455,175.41666666667032
0,869,235.91666666666666,8832,49.80555555555599,162.7222222222256
0,870,216.00000000000006,8856,41.83333333333355,192.63888888889323
0,871,231.69444444444446,8934,60.88888888888964,154.69444444444758
0,872,229.3611111111111,8988,70.80555555555658,151.08333333333644
0,873,222.16666666666666,9000,50.083333333333776,155.55555555555884
0,874,206.8333333333334,9006,60.8055555555563,179.27777777778164
0,875,237.16666666666666,9042,50.77777777777824,154.38888888889207
0,876,232.05555555555557,9042,48.88888888888929,188.55555555555978
0,877,237.88888888888889,9042,64.36111111111197,149.36111111111418
0,878,215.33333333333343,9054,62.38888888888968,159.08333333333667
0,879,236.88888888888894,9054,41.58333333333353,169.444444444448
0,880,236.27777777777783,9060,60.25000000000073,171.6388888888925
0,881,243.27777777777777,9132,57.19444444444508,157.0277777777811
0,882,246.33333333333334,9144,37.55555555555566,183.4444444444484
0,883,229.8888888888889,9144,63.66666666666748,168.55555555555907
0,884,220.05555555555563,9144,45.33333333333365,174.25000000000364
0,885,208.3333333333333,9144,46.972222222222584,163.63888888889224
0,886,213.38888888888886,9144,58.38888888888956,172.333333333337
0,887,220.91666666666669,9144,51.80555555555605,190.91666666667075
0,888,230.36111111111123,9144,44.97222222222253,173.33333333333695
0,889,243.69444444444446,9144,47.083333333333684,189.6666666666706
0,890,204.30555555555551,9144,53.30555555555608,182.91666666667052
0,891,229.72222222222223,9144,50.47222222222268,160.30555555555893
0,892,225.05555555555566,9210,57.222222222222875,160.05555555555904
0,893,230.2222222222223,9264,55.30555555555614,161.19444444444787
0,894,221.69444444444446,9300,43.94444444444471,178.61111111111487
0,895,228.11111111111111,9312,57.472222222222875,168.72222222222572
0,896,218.08333333333334,9312,54.5833333333339,158.6111111111145
0,897,240.33333333333337,9312,65.19444444444531,154.08333333333653
0,898,220.11111111111111,9312,53.83333333333388,183.1944444444484
0,899,236.22222222222223,9324,46.555555555555884,166.1944444444479
0,900,226.83333333333343,9366,56.30555555555617,166.27777777778127
0,901,233.80555555555563,9372,55.72222222222283,161.50000000000338
0,902,220.88888888888886,9378,58.88888888888958,166.7222222222257
0,903,256.0555555555556,9378,73.44444444444554,147.38888888889198
0,904,198.3888888888889,9402,62.5000000000008,164.83333333333678
0,905,232.52777777777777,9402,52.08333333333383,177.91666666667044
0,906,230.1666666666666,9402,61.722222222223,171.11111111111475
0,907,230.24999999999991,9420,35.805555555555586,193.27777777778206
0,908,219.55555555555551,9432,57.88888888888956,161.63888888889232
0,909,226.25000000000003,9432,57.861111111111775,168.36111111111467
0,910,232.74999999999994,9432,51.38888888888937,162.2222222222256
0,911,215.5277777777778,9444,59.66666666666739,151.44444444444756
0,912,229.02777777777783,9480,56.6666666666673,171.25000000000375
0,913,232.86111111111117,9492,49.333333333333755,182.5555555555594
0,914,230.19444444444443,9498,52.666666666667176,158.69444444444778
0,915,217.9722222222222,9504,49.6666666666671,176.6388888888927
0,916,250.16666666666677,9504,44.277777777778056,179.61111111111487
0,917,238.49999999999997,9516,51.250000000000476,179.2500000000038
0,918,220.5277777777778,9516,48.083333333333705,151.8611111111143
0,919,208.66666666666666,9600,53.47222222222276,164.77777777778124
0,920,224.86111111111123,9600,42.33333333333356,164.97222222222575
0,921,212.55555555555554,9606,55.58333333333393,171.47222222222595
0,922,242.6666666666667,9618,57.0555555555562,177.88888888889267
0,923,228.63888888888883,9630,51.02777777777824,184.41666666667064
0,924,230.41666666666669,9636,59.30555555555625,171.08333333333692
0,925,230.5555555555555,9636,53.36111111111165,172.083333333337
0,926,213.74999999999991,9648,48.52777777777818,180.77777777778172
0,927,240.77777777777783,9648,34.72222222222223,172.19444444444804
0,928,213.55555555555554,9858,53.44444444444498,183.9166666666708
0,929,227.86111111111111,9858,40.750000000000185,197.7777777777821
0,930,212.5,9864,51.111111111111576,190.97222222222646
0,931,228.2777777777778,9870,57.08333333333397,161.16666666667007
0,932,234.38888888888897,9876,66.02777777777867,146.02777777778073
0,933,230.3888888888889,9876,44.916666666666956,187.77777777778192
0,934,229.74999999999997,9876,38.083333333333435,182.69444444444835
0,935,223.52777777777771,9876,42.444444444444684,180.1111111111151
0,936,237.16666666666666,9882,54.83333333333392,152.80555555555873
0,937,215.38888888888894,9882,63.72222222222305,173.83333333333704
0,938,238.77777777777783,9882,54.00000000000056,157.16666666666993
0,939,210.888888888889,9888,51.416666666667155,175.38888888889252
0,940,225.69444444444449,9894,77.97222222222342,131.97222222222481
0,941,225.0000000000001,9912,54.36111111111167,166.2777777777812
0,942,200.08333333333337,9912,49.22222222222263,176.63888888889264
0,943,201.66666666666677,9912,56.30555555555618,172.88888888889255
0,944,237.00000000000006,9930,63.222222222223046,147.05555555555867
0,945,212.8611111111112,9930,44.41666666666695,184.00000000000412
0,946,239.11111111111111,9930,51.27777777777827,163.63888888889244
0,947,228.4166666666667,9930,70.30555555555655,150.86111111111427
0,948,220.75000000000006,9930,54.52777777777835,163.88888888889235
0,949,217.61111111111114,9930,53.1666666666672,162.27777777778115
0,950,212.91666666666666,9930,43.58333333333359,188.25000000000415
0,951,223.94444444444446,9930,48.55555555555596,160.66666666666995
0,952,237.77777777777786,9948,58.08333333333401,159.13888888889215
0,953,227.50000000000009,9948,51.055555555556026,162.9166666666701
0,954,254.08333333333334,9948,55.41666666666726,163.16666666667015
0,955,227.44444444444449,9948,41.69444444444465,184.58333333333732
0,956,230.47222222222217,9948,72.7222222222233,151.6944444444476
0,957,236.66666666666663,9948,50.80555555555602,169.25000000000358
0,958,232.22222222222223,9948,44.44444444444474,165.72222222222575
0,959,211.3611111111112,9948,42.97222222222246,169.22222222222572
0,960,198.9166666666667,9954,74.00000000000111,147.638888888892
0,961,231.0,9954,46.88888888888924,164.83333333333692
0,962,226.58333333333334,9972,66.08333333333422,155.7222222222255
0,963,231.77777777777783,9972,64.08333333333417,151.22222222222533
0,964,234.86111111111117,9984,61.27777777777853,154.2777777777811
0,965,230.44444444444434,9984,71.97222222222328,150.11111111111416
0,966,237.72222222222226,9984,42.083333333333556,182.8055555555594
0,967,218.0277777777778,9984,42.694444444444684,185.19444444444832
0,968,259.61111111111103,9984,57.86111111111178,164.27777777778138
0,969,199.77777777777786,10002,51.05555555555602,171.41666666667035
0,970,213.63888888888897,10002,59.69444444444516,162.8333333333366
0,971,215.8333333333334,10002,53.11111111111163,165.1666666666701
0,972,243.36111111111103,10002,41.22222222222242,189.0277777777819
0,973,227.33333333333331,10038,42.444444444444684,173.86111111111475
0,974,244.74999999999991,10062,59.08333333333403,155.3055555555587
0,975,231.33333333333337,10062,67.36111111111204,149.75000000000313
0,976,206.69444444444443,10062,47.5833333333337,162.7777777777812
0,977,245.16666666666669,10062,53.00000000000053,167.72222222222578
0,978,225.58333333333337,10062,55.166666666667254,180.33333333333707
0,979,221.02777777777783,10062,78.05555555555678,156.44444444444775
0,980,225.22222222222223,10062,55.44444444444505,171.1388888888925
0,981,205.75,10062,47.83333333333372,167.8611111111147
0,982,227.47222222222226,10062,53.52777777777832,153.00000000000307
0,983,210.16666666666674,10062,43.833333333333606,179.9722222222261
0,984,219.33333333333343,10062,56.305555555556175,168.583333333337
0,985,228.8888888888889,10062,67.1666666666676,134.36111111111384
0,986,239.52777777777774,10062,49.00000000000042,159.50000000000327
0,987,239.80555555555563,10062,44.083333333333606,179.36111111111492
0,988,230.5555555555556,10062,52.13888888888939,195.19444444444864
0,989,233.74999999999997,10086,59.083333333334025,155.72222222222547
0,990,224.77777777777777,10098,49.38888888888932,179.38888888889272
0,991,216.66666666666657,10098,53.33333333333386,166.27777777778127
0,992,237.58333333333326,10158,53.805555555556104,168.4722222222258
0,993,227.55555555555563,10158,50.166666666667105,156.30555555555873
0,994,225.30555555555551,10158,44.66666666666696,152.97222222222533
0,995,235.86111111111111,10170,52.97222222222275,165.86111111111455
0,996,237.55555555555563,10176,40.69444444444462,183.75000000000387
0,997,230.38888888888897,10176,56.666666666667304,181.88888888889286
0,998,228.91666666666669,10176,47.44444444444481,195.1944444444487
0,999,216.02777777777786,10176,44.083333333333606,169.30555555555912
0,1000,225.6666666666666,10176,49.111111111111526,168.9444444444481
1,1,31.000000000000007,0,8.333333333333316,11.63888888888887
1,2,36.80555555555554,0,8.472222222222205,12.499999999999982
1,3,39.91666666666667,0,10.38888888888887,12.805555555555543
1,4,33.19444444444444,0,6.722222222222212,16.833333333333314
1,5,35.77777777777777,0,6.166666666666656,18.694444444444432
1,6,32.75000000000001,0,8.27777777777776,13.58333333333331
1,7,36.1111111111111,0,9.41666666666665,14.111111111111097
1,8,35.72222222222223,0,3.611111111111109,18.583333333333314
1,9,36.05555555555556,0,4.2222222222222205,15.94444444444443
1,10,35.02777777777778,0,5.833333333333325,19.69444444444444
1,11,31.138888888888893,0,7.611111111111097,16.66666666666665
1,12,43.77777777777777,0,4.416666666666664,18.666666666666654
1,13,39.25000000000002,0,9.722222222222205,17.83333333333333
1,14,31.583333333333336,0,7.69444444444443,12.74999999999998
1,15,34.38888888888889,0,13.861111111111093,15.36111111111109
1,16,34.72222222222222,0,11.777777777777755,17.583333333333314
1,17,36.47222222222223,0,11.611111111111091,14.19444444444442
1,18,36.47222222222223,0,6.833333333333322,17.41666666666666
1,19,34.16666666666668,0,6.444444444444436,14.499999999999973
1,20,37.58333333333333,0,8.111111111111097,15.91666666666665
1,21,29.61111111111111,0,9.499999999999982,12.027777777777766
1,22,38.47222222222224,0,10.861111111111095,11.944444444444422
1,23,39.722222222222236,0,4.33333333333333,12.36111111111109
1,24,41.02777777777778,0,4.69444444444444,15.722222222222209
1,25,31.41666666666667,0,6.694444444444434,14.16666666666665
1,26,37.83333333333334,0,5.6111111111111045,21.388888888888914
1,27,34.8888888888889,0,5.444444444444438,15.749999999999977
1,28,35.66666666666668,0,8.972222222222205,13.472222222222204
1,29,26.80555555555556,0,9.66666666666665,11.13888888888887
1,30,31.111111111111114,0,8.166666666666652,15.972222222222202
1,31,35.91666666666667,0,10.05555555555554,14.944444444444418
1,32,38.36111111111112,0,15.444444444444423,12.388888888888868
1,33,44.6111111111111,0,7.1666666666666545,12.527777777777763
1,34,37.61111111111112,0,7.416666666666654,13.361111111111091
1,35,36.30555555555555,0,8.722222222222207,11.555555555555541
1,36,40.13888888888889,0,6.722222222222211,16.388888888888864
1,37,36.972222222222214,0,6.4722222222222126,13.166666666666652
1,38,49.33333333333335,0,4.166666666666666,16.138888888888868
1,39,42.27777777777779,0,8.999999999999982,13.77777777777776
1,40,35.25000000000001,0,8.80555555555554,20.61111111111114
1,41,36.0,0,7.666666666666653,21.111111111111107
1,42,38.38888888888889,0,7.805555555555541,13.416666666666645
1,43,33.25,0,6.527777777777769,13.277777777777766
1,44,36.861111111111114,0,10.444444444444429,11.388888888888877
1,45,36.00000000000001,0,9.277777777777763,17.333333333333314
1,46,39.1111111111111,0,6.333333333333324,22.472222222222268
1,47,41.33333333333333,0,7.888888888888873,17.24999999999999
1,48,32.61111111111111,0,5.999999999999993,19.944444444444446
1,49,26.722222222222225,0,7.722222222222207,12.222222222222209
1,50,45.05555555555557,0,8.194444444444429,16.027777777777757
1,51,42.8611111111111,0,6.944444444444433,17.833333333333325
1,52,36.44444444444445,0,8.999999999999982,12.41666666666665
1,53,36.61111111111111,0,10.305555555555538,16.916666666666657
1,54,44.41666666666665,0,6.6111111111111,11.027777777777757
1,55,33.19444444444444,0,7.416666666666653,14.944444444444425
1,56,40.63888888888887,0,12.24999999999998,12.583333333333325
1,57,39.08333333333334,0,8.333333333333316,21.44444444444444
1,58,28.333333333333343,0,6.305555555555546,15.638888888888864
1,59,33.16666666666667,0,10.861111111111097,12.94444444444443
1,60,41.3611111111111,0,7.861111111111096,13.166666666666647
1,61,41.69444444444445,0,12.888888888888875,15.055555555555538
1,62,32.52777777777778,0,5.5277777777777715,12.111111111111093
1,63,29.000000000000007,0,10.583333333333318,22.47222222222223
1,64,44.33333333333333,0,8.166666666666652,15.83333333333331
1,65,38.444444444444464,0,7.388888888888877,8.05555555555554
1,66,43.58333333333333,24,6.916666666666654,24.05555555555556
1,67,40.638888888888886,36,7.083333333333323,19.333333333333336
1,68,37.277777777777786,36,9.138888888888873,25.86111111111112
1,69,40.41666666666668,36,7.749999999999985,30.166666666666725
1,70,39.277777777777764,36,7.7777777777777635,25.638888888888925
1,71,36.41666666666666,36,5.861111111111103,31.250000000000036
1,72,36.74999999999999,36,8.444444444444427,35.33333333333349
1,73,46.83333333333336,36,4.916666666666662,34.08333333333347
1,74,40.22222222222223,36,5.722222222222213,28.583333333333382
1,75,32.8888888888889,36,7.388888888888875,33.69444444444456
1,76,45.99999999999999,36,7.055555555555543,26.500000000000053
1,77,40.80555555555556,36,6.472222222222212,29.722222222222317
1,78,44.72222222222222,36,5.88888888888888,34.833333333333464
1,79,50.194444444444464,36,6.694444444444433,26.83333333333336
1,80,46.05555555555557,36,6.388888888888879,25.472222222222264
1,81,45.194444444444436,36,4.36111111111111,33.305555555555685
1,82,36.416666666666664,36,5.416666666666659,39.75000000000027
1,83,49.75,36,9.583333333333316,28.138888888888907
1,84,47.500000000000014,36,9.38888888888887,31.666666666666703
1,85,43.138888888888886,36,7.722222222222207,26.88888888888891
1,86,46.77777777777777,36,8.499999999999984,29.972222222222268
1,87,40.36111111111113,36,8.694444444444429,29.277777777777818
1,88,39.444444444444436,36,5.833333333333325,29.777777777777835
1,89,44.52777777777778,36,6.944444444444431,35.611111111111285
1,90,45.33333333333333,36,4.111111111111109,28.52777777777781
1,91,43.27777777777779,36,9.30555555555554,35.0555555555557
1,92,53.30555555555557,36,6.055555555555546,28.444444444444475
1,93,46.63888888888891,36,5.833333333333327,32.80555555555567
1,94,46.91666666666668,36,4.916666666666662,26.222222222222253
1,95,36.7777777777778,36,8.444444444444429,25.944444444444464
1,96,43.388888888888886,36,5.305555555555549,32.00000000000007
1,97,39.38888888888891,36,8.499999999999984,32.166666666666714
1,98,44.416666666666664,36,6.972222222222209,42.61111111111144
1,99,51.61111111111111,36,6.111111111111102,27.750000000000046
1,100,41.166666666666664,36,6.666666666666655,29.500000000000075
1,101,45.58333333333335,36,4.916666666666662,38.166666666666906
1,102,41.52777777777778,36,7.69444444444443,33.55555555555566
1,103,31.861111111111114,36,10.74999999999998,29.611111111111146
1,104,44.77777777777778,36,4.22222222222222,32.555555555555614
1,105,38.61111111111112,36,4.6666666666666625,33.3611111111112
1,106,34.666666666666686,36,6.333333333333323,31.611111111111164
1,107,41.55555555555556,36,10.749999999999982,31.805555555555642
1,108,45.75000000000001,36,5.222222222222215,39.77777777777806
1,109,45.86111111111112,36,7.805555555555541,31.416666666666707
1,110,36.69444444444445,36,6.972222222222211,31.3611111111112
1,111,36.58333333333335,36,4.416666666666663,36.638888888889056
1,112,45.694444444444436,36,11.472222222222198,30.083333333333396
1,113,51.50000000000001,36,7.527777777777764,34.97222222222235
1,114,42.80555555555554,36,6.38888888888888,35.16666666666681
1,115,48.3888888888889,36,6.666666666666656,38.416666666666885
1,116,47.694444444444436,36,4.444444444444443,30.944444444444525
1,117,63.416666666666664,36,6.472222222222213,31.138888888888946
1,118,49.63888888888889,36,5.361111111111104,34.777777777777914
1,119,34.444444444444464,36,7.972222222222205,31.69444444444452
1,120,32.80555555555556,36,5.944444444444436,32.66666666666673
1,121,47.638888888888886,36,5.16666666666666,42.11111111111145
1,122,43.500000000000014,36,8.91666666666665,36.27777777777798
1,123,40.305555555555564,36,4.638888888888886,33.88888888888904
1,124,47.472222222222214,36,6.972222222222209,27.19444444444447
1,125,43.722222222222236,36,6.666666666666656,27.77777777777783
1,126,50.83333333333334,36,7.222222222222208,38.888888888889134
1,127,44.833333333333314,36,9.833333333333321,29.000000000000068
1,128,34.50000000000001,36,8.222222222222205,34.388888888889014
1,129,48.86111111111113,36,12.583333333333313,37.52777777777803
1,130,40.833333333333336,36,6.972222222222211,34.69444444444457
1,131,45.11111111111111,36,10.249999999999986,27.055555555555603
1,132,49.55555555555555,36,9.27777777777776,31.7222222222223
1,133,40.888888888888886,36,7.527777777777764,31.97222222222229
1,134,46.444444444444436,36,8.638888888888873,27.805555555555614
1,135,39.49999999999999,36,4.8333333333333295,33.638888888889014
1,136,33.75,36,9.69444444444443,31.722222222222282
1,137,50.250000000000014,36,5.666666666666657,32.694444444444485
1,138,41.47222222222222,36,5.833333333333324,26.22222222222227
1,139,45.25000000000001,36,6.694444444444434,28.55555555555558
1,140,42.61111111111112,36,9.722222222222205,31.583333333333382
1,141,48.333333333333364,36,6.97222222222221,36.63888888888907
1,142,47.611111111111114,36,11.305555555555538,25.444444444444468
1,143,42.55555555555556,36,8.833333333333314,28.52777777777784
1,144,37.972222222222236,36,6.166666666666656,32.08333333333341
1,145,40.30555555555556,36,8.194444444444429,28.833333333333382
1,146,42.49999999999999,270,11.472222222222205,29.44444444444447
1,147,40.36111111111109,270,7.861111111111096,34.694444444444564
1,148,48.16666666666667,390,3.944444444444443,35.8333333333335
1,149,41.91666666666668,390,7.138888888888877,26.08333333333336
1,150,46.833333333333336,390,9.249999999999984,33.25000000000009
1,151,50.583333333333336,390,6.027777777777771,33.58333333333341
1,152,48.16666666666667,390,6.777777777777765,29.555555555555603
1,153,46.80555555555555,390,9.16666666666665,31.416666666666696
1,154,45.361111111111136,390,8.499999999999984,35.75000000000017
1,155,43.083333333333336,390,6.72222222222221,30.388888888888896
1,156,40.277777777777786,390,7.805555555555539,39.58333333333361
1,157,46.77777777777781,390,5.805555555555548,37.250000000000206
1,158,43.30555555555554,390,9.694444444444427,28.888888888888967
1,159,47.33333333333335,390,6.416666666666657,34.9166666666668
1,160,32.52777777777777,390,8.305555555555541,36.63888888888906
1,161,35.55555555555556,390,9.444444444444427,31.61111111111115
1,162,35.91666666666667,390,7.777777777777763,32.41666666666669
1,163,38.41666666666669,390,6.611111111111099,32.22222222222225
1,164,44.52777777777779,390,6.944444444444434,38.38888888888916
1,165,39.63888888888889,390,5.083333333333328,39.19444444444473
1,166,36.27777777777778,390,8.194444444444429,36.13888888888905
1,167,44.444444444444436,390,6.611111111111101,33.08333333333339
1,168,45.86111111111112,390,9.49999999999998,29.52777777777779
1,169,50.52777777777778,390,8.749999999999986,29.444444444444482
1,170,35.30555555555557,390,8.583333333333316,31.58333333333341
1,171,47.41666666666667,390,6.638888888888878,32.111111111111136
1,172,46.75000000000002,390,7.555555555555544,25.69444444444444
1,173,37.500000000000014,390,7.833333333333318,29.138888888888957
1,174,39.583333333333314,390,6.8611111111111,29.583333333333364
1,175,45.36111111111112,390,9.861111111111097,30.33333333333339
1,176,45.55555555555556,390,9.02777777777776,27.000000000000018
1,177,38.36111111111111,390,10.055555555555536,37.86111111111134
1,178,41.41666666666667,390,11.805555555555536,28.25000000000002
1,179,37.38888888888891,390,5.222222222222214,36.500000000000185
1,180,42.194444444444436,390,9.52777777777776,33.41666666666675
1,181,38.86111111111111,390,12.249999999999984,31.777777777777843
1,182,36.250000000000014,390,6.166666666666657,34.00000000000012
1,183,50.25000000000001,390,12.055555555555538,31.333333333333396
1,184,33.08333333333334,390,6.972222222222211,33.47222222222234
1,185,38.8888888888889,390,6.527777777777767,36.02777777777795
1,186,35.833333333333336,462,6.972222222222211,32.11111111111117
1,187,42.69444444444444,528,12.166666666666645,31.97222222222224
1,188,49.66666666666664,528,12.722222222222202,33.72222222222232
1,189,48.22222222222225,528,7.305555555555542,34.055555555555635
1,190,57.1111111111111,528,8.361111111111093,32.30555555555564
1,191,44.3888888888889,528,10.749999999999982,32.13888888888893
1,192,48.38888888888888,528,9.05555555555554,39.500000000000306
1,193,47.00000000000001,528,9.361111111111091,31.527777777777853
1,194,54.19444444444444,528,13.66666666666664,38.00000000000022
1,195,53.250000000000036,528,11.583333333333314,29.861111111111157
1,196,48.08333333333335,528,9.249999999999982,36.00000000000015
1,197,43.944444444444464,528,10.444444444444425,33.7500000000001
1,198,48.91666666666666,528,11.611111111111093,34.00000000000008
1,199,49.24999999999999,528,8.972222222222207,33.61111111111116
1,200,45.22222222222223,528,9.222222222222204,33.638888888888985
1,201,49.80555555555556,528,9.861111111111093,29.38888888888893
1,202,58.44444444444446,528,12.055555555555538,38.277777777778
1,203,46.30555555555555,528,13.58333333333331,28.916666666666696
1,204,45.83333333333333,528,14.166666666666645,36.44444444444461
1,205,44.91666666666667,528,8.16666666666665,33.00000000000006
1,206,41.58333333333336,528,8.749999999999982,20.833333333333353
1,207,38.638888888888886,564,8.111111111111095,33.50000000000008
1,208,47.055555555555564,564,8.638888888888872,34.08333333333349
1,209,46.500000000000014,564,11.166666666666648,25.472222222222257
1,210,51.61111111111112,564,8.694444444444429,29.805555555555596
1,211,49.02777777777778,564,11.194444444444422,33.055555555555664
1,212,52.61111111111113,564,9.999999999999988,31.500000000000046
1,213,46.08333333333332,564,10.861111111111091,41.33333333333365
1,214,46.944444444444464,564,7.416666666666653,35.361111111111256
1,215,50.36111111111109,564,9.888888888888872,31.000000000000075
1,216,52.80555555555555,564,9.861111111111095,30.861111111111146
1,217,48.97222222222222,564,11.944444444444427,32.50000000000011
1,218,54.472222222222236,756,7.055555555555542,41.944444444444805
1,219,48.944444444444436,756,11.083333333333314,35.41666666666717
1,220,53.75000000000001,756,7.8611111111110965,40.36111111111171
1,221,55.944444444444464,756,6.97222222222221,46.97222222222302
1,222,43.22222222222222,756,9.111111111111095,47.83333333333416
1,223,61.02777777777777,906,6.222222222222212,50.19444444444507
1,224,62.86111111111112,966,6.472222222222212,67.88888888888995
1,225,58.02777777777778,978,8.277777777777764,67.58333333333434
1,226,56.33333333333335,1176,10.305555555555538,62.0277777777787
1,227,63.25000000000001,1176,10.611111111111093,51.00000000000058
1,228,57.77777777777779,1176,7.666666666666653,65.80555555555655
1,229,75.19444444444443,1176,7.611111111111096,70.13888888888991
1,230,50.66666666666665,1176,5.583333333333326,65.16666666666764
1,231,59.25000000000001,1176,9.499999999999984,63.50000000000096
1,232,56.86111111111114,1176,4.999999999999996,69.63888888888995
1,233,56.38888888888891,1176,7.833333333333319,68.33333333333438
1,234,61.55555555555556,1176,12.055555555555538,66.19444444444545
1,235,50.36111111111113,1260,7.888888888888873,60.416666666667545
1,236,67.83333333333334,1260,7.249999999999986,65.250000000001
1,237,64.30555555555557,1260,3.249999999999999,69.08333333333438
1,238,61.75000000000002,1260,9.194444444444425,59.33333333333418
1,239,58.00000000000001,1260,6.49999999999999,60.61111111111199
1,240,67.94444444444444,1260,9.138888888888873,66.44444444444548
1,241,57.22222222222224,1260,9.38888888888887,67.02777777777878
1,242,67.99999999999999,1278,13.694444444444425,71.75000000000108
1,243,51.47222222222223,1302,8.80555555555554,67.25000000000105
1,244,66.33333333333333,1350,7.361111111111098,74.02777777777891
1,245,65.47222222222224,1350,6.333333333333322,72.97222222222324
1,246,58.250000000000014,1350,5.972222222222213,65.5277777777788
1,247,54.30555555555555,1350,9.30555555555554,62.638888888889845
1,248,74.36111111111114,1350,8.888888888888872,71.11111111111215
1,249,58.50000000000003,1350,10.638888888888866,74.16666666666784
1,250,55.55555555555556,1350,6.916666666666655,61.527777777778724
1,251,62.97222222222224,1350,9.388888888888875,65.94444444444542
1,252,56.75000000000003,1350,7.138888888888876,79.27777777777908
1,253,62.30555555555556,1350,9.74999999999998,69.00000000000108
1,254,64.86111111111111,1350,13.333333333333306,70.6944444444455
1,255,51.583333333333336,1350,9.972222222222207,80.02777777777905
1,256,51.583333333333336,1350,9.305555555555538,72.25000000000112
1,257,67.05555555555554,1350,8.361111111111095,79.00000000000121
1,258,57.1111111111111,1350,7.999999999999985,69.55555555555658
1,259,67.77777777777779,1350,7.833333333333317,72.22222222222331
1,260,59.86111111111111,1368,6.888888888888877,79.16666666666792
1,261,55.72222222222222,1392,8.16666666666665,73.02777777777891
1,262,68.3611111111111,1392,9.194444444444427,80.11111111111232
1,263,71.25000000000001,1392,12.861111111111088,69.91666666666775
1,264,45.611111111111114,1392,8.638888888888873,68.52777777777888
1,265,61.91666666666667,1392,5.083333333333326,76.91666666666785
1,266,61.97222222222222,1392,8.083333333333318,98.50000000000163
1,267,64.16666666666667,1392,5.888888888888881,85.13888888889024
1,268,70.55555555555557,1392,4.638888888888885,80.69444444444574
1,269,62.19444444444446,1392,5.249999999999995,83.55555555555688
1,270,70.16666666666667,1392,11.027777777777757,76.77777777777901
1,271,68.63888888888887,1392,6.5833333333333215,82.52777777777914
1,272,72.33333333333333,1392,6.888888888888876,92.30555555555694
1,273,58.500000000000014,1392,14.13888888888886,61.80555555555652
1,274,72.52777777777779,1392,8.749999999999986,70.44444444444558
1,275,64.58333333333331,1392,9.999999999999982,81.5000000000014
1,276,67.94444444444444,1392,12.777777777777759,74.16666666666781
1,277,66.44444444444446,1392,11.388888888888872,78.38888888889018
1,278,69.41666666666667,1392,6.805555555555544,87.08333333333475
1,279,64.8888888888889,1392,10.333333333333316,90.91666666666825
1,280,65.91666666666669,1392,9.388888888888872,67.83333333333442
1,281,62.05555555555556,1392,10.388888888888872,75.69444444444565
1,282,54.83333333333334,1392,7.6111111111110965,77.52777777777905
1,283,71.58333333333333,1392,11.77777777777776,80.25000000000132
1,284,69.83333333333333,1392,11.194444444444425,62.91666666666761
1,285,57.7777777777778,1392,10.833333333333314,65.91666666666768
1,286,71.27777777777777,1392,12.611111111111091,69.1111111111122
1,287,62.30555555555554,1392,11.888888888888868,75.50000000000122
1,288,60.833333333333364,1392,12.74999999999998,67.0555555555566
1,289,77.05555555555554,1392,12.944444444444425,63.80555555555654
1,290,58.66666666666666,1392,7.833333333333318,69.02777777777884
1,291,60.52777777777779,1392,13.472222222222195,74.47222222222341
1,292,74.77777777777779,1392,8.194444444444429,74.36111111111227
1,293,73.61111111111111,1392,10.333333333333314,73.94444444444562
1,294,63.361111111111114,1392,8.583333333333316,77.50000000000121
1,295,57.41666666666669,1392,11.555555555555534,71.97222222222338
1,296,56.94444444444446,1392,8.861111111111095,79.86111111111231
1,297,71.30555555555557,1392,8.138888888888872,68.52777777777885
1,298,60.86111111111113,1392,8.499999999999982,72.97222222222332
1,299,78.24999999999999,1392,11.166666666666647,71.00000000000112
1,300,62.38888888888891,1392,6.916666666666654,71.05555555555668
1,301,61.44444444444444,1392,6.361111111111102,72.02777777777892
1,302,62.72222222222222,1392,10.86111111111109,73.88888888889001
1,303,57.72222222222224,1392,6.333333333333323,80.86111111111235
1,304,65.77777777777779,1392,9.66666666666665,71.27777777777891
1,305,69.47222222222226,1392,7.361111111111097,73.88888888889014
1,306,69.33333333333334,1392,9.694444444444425,68.52777777777881
1,307,64.05555555555557,1392,8.499999999999984,79.58333333333461
1,308,66.41666666666666,1392,9.249999999999984,73.33333333333448
1,309,70.02777777777779,1392,6.888888888888878,73.72222222222337
1,310,64.30555555555554,1392,6.944444444444433,76.02777777777901
1,311,59.166666666666664,1524,12.333333333333314,79.6944444444457
1,312,66.69444444444446,1578,9.694444444444427,76.11111111111235
1,313,62.388888888888914,1596,12.83333333333331,70.47222222222331
1,314,55.05555555555556,1596,8.88888888888887,72.027777777779
1,315,74.33333333333333,1644,6.416666666666656,61.52777777777867
1,316,56.52777777777777,1710,5.333333333333326,74.30555555555678
1,317,63.222222222222214,1710,11.444444444444427,68.97222222222331
1,318,72.77777777777779,1710,9.583333333333318,80.11111111111238
1,319,59.72222222222221,1710,9.666666666666652,75.97222222222338
1,320,67.08333333333333,1710,10.638888888888873,70.86111111111217
1,321,56.027777777777786,1710,11.805555555555534,68.77777777777882
1,322,73.00000000000001,1710,6.277777777777768,61.97222222222317
1,323,65.69444444444444,1938,13.249999999999977,81.63888888889005
1,324,67.0,1938,7.027777777777764,83.7222222222235
1,325,55.86111111111113,1938,9.416666666666648,86.02777777777908
1,326,65.16666666666666,1938,7.416666666666653,74.83333333333445
1,327,73.08333333333334,1938,11.055555555555536,77.47222222222338
1,328,74.52777777777779,1938,11.249999999999984,82.27777777777901
1,329,64.91666666666667,1938,5.222222222222215,97.33333333333472
1,330,71.52777777777779,1938,7.277777777777764,95.2222222222236
1,331,72.83333333333333,1938,5.861111111111104,81.9166666666679
1,332,79.08333333333334,1938,8.416666666666652,87.91666666666792
1,333,71.19444444444444,1938,6.638888888888878,93.25000000000135
1,334,79.1111111111111,1956,9.805555555555538,94.27777777777904
1,335,67.16666666666666,1956,10.222222222222207,80.44444444444575
1,336,63.02777777777779,1956,10.055555555555538,82.52777777777912
1,337,65.11111111111114,1956,14.749999999999979,57.722222222223074
1,338,63.916666666666686,1956,5.972222222222214,77.00000000000128
1,339,66.1388888888889,1956,10.249999999999988,74.61111111111227
1,340,57.55555555555558,1956,7.9444444444444295,77.41666666666796
1,341,75.55555555555553,1956,11.527777777777763,87.61111111111259
1,342,74.19444444444449,2172,5.249999999999994,72.86111111111227
1,343,64.19444444444444,2172,8.583333333333318,74.05555555555674
1,344,76.5,2172,9.972222222222204,83.94444444444581
1,345,65.22222222222224,2406,9.277777777777759,85.11111111111262
1,346,70.36111111111113,2418,9.555555555555538,85.13888888889032
1,347,55.08333333333334,2418,11.972222222222202,75.16666666666788
1,348,67.16666666666669,2712,10.777777777777763,85.13888888889042
1,349,58.49999999999998,2724,6.49999999999999,74.75000000000098
1,350,67.72222222222224,2724,10.944444444444423,70.22222222222318
1,351,66.5,2724,7.638888888888872,73.1111111111122
1,352,66.58333333333333,2730,11.055555555555534,70.8888888888901
1,353,72.08333333333329,2766,13.05555555555553,68.86111111111204
1,354,65.8611111111111,2790,11.33333333333331,65.02777777777872
1,355,60.611111111111114,2790,10.444444444444429,71.72222222222318
1,356,52.02777777777777,2790,8.083333333333316,73.97222222222325
1,357,70.11111111111111,2808,4.8333333333333295,86.13888888888994
1,358,61.49999999999999,2808,11.138888888888872,66.83333333333434
1,359,73.72222222222219,2808,8.888888888888873,75.02777777777872
1,360,65.13888888888889,2808,12.416666666666647,76.72222222222318
1,361,63.27777777777778,2808,6.277777777777767,86.50000000000111
1,362,74.44444444444444,2808,11.694444444444427,69.97222222222321
1,363,75.4722222222222,2808,11.499999999999984,68.97222222222322
1,364,63.05555555555555,2808,9.027777777777757,79.13888888889011
1,365,73.49999999999999,2808,10.55555555555554,87.55555555555684
1,366,56.666666666666686,2808,8.833333333333316,70.52777777777885
1,367,69.4444444444444,2808,10.305555555555538,66.36111111111207
1,368,70.33333333333331,2808,9.611111111111093,69.94444444444542
1,369,65.0833333333333,2808,6.305555555555546,78.8611111111121
1,370,59.30555555555555,2808,4.6666666666666625,68.6111111111121
1,371,64.24999999999999,2808,5.583333333333327,69.2777777777788
1,372,80.74999999999996,2808,11.24999999999998,75.72222222222318
1,373,61.33333333333333,2808,6.3055555555555465,71.86111111111212
1,374,67.66666666666666,2808,8.77777777777776,75.80555555555642
1,375,64.05555555555554,2808,7.166666666666654,77.22222222222315
1,376,54.972222222222236,2808,10.222222222222204,77.63888888889
1,377,78.33333333333331,2808,11.722222222222205,65.6944444444454
1,378,67.05555555555556,2808,11.02777777777776,77.61111111111225
1,379,70.22222222222221,2808,6.805555555555545,82.05555555555652
1,380,64.61111111111109,2808,17.19444444444443,66.50000000000102
1,381,68.27777777777773,2808,10.277777777777759,66.36111111111205
1,382,61.916666666666664,2808,7.583333333333319,73.38888888888995
1,383,59.52777777777781,2808,11.194444444444427,70.6944444444455
1,384,66.36111111111111,2832,16.722222222222207,69.3055555555565
1,385,88.83333333333331,2832,14.888888888888882,62.08333333333422
1,386,61.83333333333334,2832,11.583333333333316,83.30555555555652
1,387,79.6111111111111,2832,14.111111111111098,73.94444444444522
1,388,83.19444444444446,2832,14.05555555555554,73.77777777777871
1,389,66.91666666666666,2832,16.694444444444432,70.02777777777867
1,390,76.91666666666667,2832,16.555555555555536,73.30555555555664
1,391,68.91666666666664,2832,12.944444444444429,73.72222222222338
1,392,71.05555555555556,2832,16.333333333333314,68.88888888888992
1,393,77.41666666666667,2832,9.611111111111095,85.36111111111211
1,394,81.25,2832,21.111111111111118,73.44444444444547
1,395,73.97222222222219,2832,13.888888888888873,86.47222222222311
1,396,72.27777777777776,2832,11.333333333333316,91.61111111111214
1,397,70.47222222222221,2832,12.472222222222207,74.80555555555671
1,398,66.74999999999997,2832,10.861111111111097,69.47222222222324
1,399,77.05555555555551,2832,17.97222222222222,66.22222222222324
1,400,77.05555555555551,2850,10.749999999999986,89.44444444444542
1,401,75.91666666666666,2850,14.416666666666641,77.97222222222315
1,402,82.74999999999999,2850,8.694444444444427,78.30555555555677
1,403,83.55555555555554,2850,12.499999999999986,75.05555555555661
1,404,71.02777777777779,2850,7.3333333333333215,70.4444444444456
1,405,82.25,2850,11.499999999999982,74.50000000000104
1,406,73.55555555555556,2850,20.305555555555557,74.77777777777875
1,407,76.88888888888886,2850,15.027777777777757,88.25000000000095
1,408,75.36111111111113,2850,18.3611111111111,74.8888888888899
1,409,71.2222222222222,2850,13.194444444444425,71.83333333333437
1,410,64.94444444444446,2850,13.94444444444443,73.13888888888997
1,411,78.11111111111111,2850,10.83333333333332,86.52777777777891
1,412,81.49999999999997,2850,13.305555555555538,79.33333333333432
1,413,70.52777777777777,2850,15.638888888888863,75.4166666666677
1,414,77.99999999999996,2850,10.749999999999982,69.47222222222331
1,415,70.69444444444444,2850,8.194444444444429,76.7777777777787
1,416,65.50000000000001,2850,14.138888888888872,76.00000000000097
1,417,75.94444444444441,2850,13.138888888888872,79.27777777777858
1,418,71.11111111111113,2850,10.055555555555536,90.61111111111224
1,419,81.27777777777776,2850,20.638888888888882,63.166666666667716
1,420,76.72222222222224,2850,12.05555555555554,81.50000000000121
1,421,76.63888888888889,2850,12.55555555555554,79.47222222222318
1,422,83.86111111111109,2850,19.1388888888889,71.55555555555654
1,423,65.58333333333334,2850,14.2222222222222,75.250000000001
1,424,73.77777777777776,2850,14.444444444444427,79.38888888888992
1,425,81.24999999999999,2850,11.194444444444427,85.38888888889004
1,426,71.83333333333336,2850,11.749999999999977,79.63888888888984
1,427,83.41666666666664,2850,9.722222222222202,79.41666666666768
1,428,74.36111111111111,2850,7.055555555555543,90.69444444444544
1,429,77.36111111111113,2850,13.138888888888866,88.61111111111207
1,430,62.66666666666667,2850,16.361111111111097,86.41666666666791
1,431,75.33333333333333,2850,8.166666666666652,88.25000000000117
1,432,73.30555555555554,2850,9.47222222222221,84.63888888888988
1,433,75.50000000000001,2850,16.944444444444443,85.97222222222325
1,434,75.52777777777777,2850,11.777777777777759,89.52777777777904
1,435,78.6111111111111,2850,18.638888888888875,74.33333333333434
1,436,69.97222222222219,2850,9.916666666666652,82.7500000000011
1,437,78.5833333333333,2850,10.194444444444425,84.88888888889008
1,438,72.25000000000001,2850,13.416666666666647,83.61111111111202
1,439,65.22222222222226,2850,7.58333333333332,81.47222222222331
1,440,67.08333333333333,2850,14.499999999999982,72.11111111111212
1,441,82.66666666666666,2850,10.722222222222205,88.72222222222312
1,442,66.4722222222222,2850,4.249999999999997,91.08333333333437
1,443,79.47222222222224,2850,7.7777777777777635,85.22222222222334
1,444,85.88888888888886,2850,8.694444444444427,85.16666666666774
1,445,74.63888888888889,2850,14.555555555555534,81.19444444444558
1,446,81.88888888888893,2850,12.277777777777763,88.80555555555674
1,447,79.88888888888889,2850,3.4722222222222223,87.83333333333421
1,448,81.58333333333333,2850,13.694444444444427,87.47222222222332
1,449,72.24999999999999,2850,10.083333333333316,83.05555555555668
1,450,74.44444444444444,2850,10.833333333333314,76.27777777777891
1,451,86.16666666666669,2850,13.083333333333314,83.0277777777787
1,452,70.08333333333334,2850,9.027777777777763,91.05555555555677
1,453,74.08333333333327,2850,11.333333333333313,79.1666666666677
1,454,82.19444444444443,2850,11.055555555555541,82.6388888888899
1,455,66.36111111111111,2850,11.638888888888872,84.91666666666757
1,456,76.02777777777777,2850,11.972222222222202,70.0277777777788
1,457,69.77777777777777,2850,10.861111111111095,89.47222222222331
1,458,82.2222222222222,2850,13.222222222222209,79.61111111111232
1,459,67.47222222222221,2850,8.944444444444429,93.5000000000013
1,460,73.9722222222222,2850,16.444444444444436,73.30555555555658
1,461,71.52777777777777,2850,11.527777777777764,82.52777777777906
1,462,71.02777777777777,2850,10.638888888888873,79.27777777777878
1,463,73.16666666666667,2850,5.138888888888885,84.38888888888977
1,464,89.91666666666663,2850,10.55555555555554,80.25000000000101
1,465,82.52777777777779,2850,10.055555555555543,87.02777777777891
1,466,69.72222222222221,2850,11.944444444444432,85.80555555555671
1,467,81.2777777777778,2850,8.638888888888873,86.27777777777897
1,468,78.80555555555554,2850,16.222222222222204,80.2500000000011
1,469,75.13888888888889,2850,14.13888888888887,81.1388888888897
1,470,78.36111111111111,2850,12.666666666666652,81.08333333333414
1,471,73.02777777777779,2850,10.83333333333331,89.63888888889018
1,472,72.3611111111111,2850,10.02777777777776,79.52777777777908
1,473,78.49999999999996,2850,13.083333333333316,78.7777777777787
1,474,84.16666666666663,2850,15.13888888888887,76.16666666666771
1,475,72.72222222222224,2850,13.499999999999979,69.75000000000115
1,476,69.30555555555554,2850,13.388888888888866,78.5000000000011
1,477,83.33333333333331,2850,12.999999999999986,82.38888888889
1,478,63.44444444444444,2850,9.833333333333316,82.13888888888992
1,479,69.69444444444446,2850,14.972222222222205,84.72222222222328
1,480,78.75,2850,10.527777777777763,83.16666666666751
1,481,68.80555555555557,2850,13.999999999999979,86.11111111111207
1,482,72.91666666666666,2850,12.972222222222209,77.25000000000098
1,483,69.7222222222222,2850,8.305555555555543,89.36111111111204
1,484,80.83333333333334,2850,13.027777777777757,89.11111111111207
1,485,81.3611111111111,2850,10.722222222222202,76.86111111111215
1,486,73.16666666666666,2850,3.4444444444444433,101.27777777777888
1,487,67.41666666666663,2850,17.61111111111111,79.97222222222345
1,488,76.77777777777776,2850,10.638888888888875,85.44444444444538
1,489,73.7777777777778,2850,9.27777777777776,78.9722222222233
1,490,75.69444444444447,2850,14.05555555555554,85.08333333333456
1,491,66.58333333333333,2850,15.38888888888887,82.61111111111234
1,492,87.8333333333333,2850,10.194444444444427,91.83333333333442
1,493,64.91666666666666,2850,6.0555555555555465,84.61111111111228
1,494,70.86111111111111,2850,9.722222222222204,90.75000000000122
1,495,66.77777777777776,2850,9.38888888888887,93.77777777777887
1,496,75.08333333333331,2850,6.944444444444432,87.3055555555566
1,497,70.05555555555557,2850,6.611111111111102,86.16666666666781
1,498,67.41666666666667,2850,2.499999999999999,79.13888888889016
1,499,72.97222222222221,2850,13.722222222222198,77.80555555555651
1,500,78.3333333333333,2850,9.083333333333318,89.36111111111195
1,501,72.86111111111113,2850,8.111111111111098,86.80555555555668
1,502,81.08333333333329,2850,10.38888888888887,92.8333333333347
1,503,72.30555555555557,2850,14.194444444444423,85.13888888889016
1,504,85.9722222222222,2850,10.055555555555543,80.38888888888974
1,505,74.30555555555556,2850,16.472222222222204,78.0277777777789
1,506,71.80555555555557,2850,12.80555555555554,92.83333333333427
1,507,84.5,2850,7.055555555555543,95.6111111111122
1,508,82.3611111111111,2850,15.4722222222222,73.52777777777894
1,509,71.66666666666666,2850,6.027777777777768,88.0277777777789
1,510,74.47222222222221,2850,16.277777777777757,77.6666666666676
1,511,75.16666666666666,2850,7.80555555555554,89.94444444444555
1,512,74.86111111111107,2850,7.1111111111111,80.2222222222233
1,513,86.3333333333333,2850,10.138888888888872,82.97222222222332
1,514,77.13888888888887,2850,10.08333333333332,83.02777777777882
1,515,81.1388888888889,2850,10.361111111111097,86.97222222222331
1,516,72.47222222222223,2850,12.666666666666652,76.75000000000095
1,517,80.91666666666666,2850,8.999999999999984,74.63888888889001
1,518,77.38888888888884,2850,12.305555555555538,75.11111111111236
1,519,73.22222222222226,2850,5.444444444444438,84.30555555555657
1,520,78.97222222222223,2850,13.249999999999986,76.83333333333441
1,521,76.88888888888886,2850,7.69444444444443,95.55555555555696
1,522,80.41666666666667,2850,11.083333333333321,83.22222222222342
1,523,81.66666666666664,2850,10.527777777777763,88.08333333333448
1,524,73.19444444444443,2850,16.361111111111093,72.7777777777789
1,525,73.27777777777774,2850,10.694444444444425,93.75000000000102
1,526,67.2222222222222,2850,10.666666666666648,79.47222222222338
1,527,80.5555555555555,2850,12.44444444444443,80.33333333333427
1,528,69.97222222222223,2850,9.05555555555554,89.8333333333346
1,529,80.36111111111111,2850,11.499999999999984,85.50000000000111
1,530,65.80555555555554,2850,13.13888888888887,81.41666666666768
1,531,84.02777777777774,2850,14.499999999999979,89.75000000000117
1,532,74.08333333333333,2850,12.861111111111091,85.5833333333343
1,533,85.13888888888886,2850,12.777777777777757,72.55555555555671
1,534,71.72222222222221,2850,14.63888888888887,85.36111111111232
1,535,68.83333333333334,2850,11.66666666666665,79.44444444444558
1,536,83.38888888888886,2850,9.611111111111098,89.50000000000138
1,537,95.77777777777776,2850,14.388888888888868,79.88888888888995
1,538,71.16666666666664,2850,18.444444444444446,77.72222222222317
1,539,81.25,2850,12.83333333333331,76.08333333333427
1,540,70.97222222222226,2850,15.166666666666652,77.00000000000111
1,541,76.19444444444444,2862,11.805555555555534,78.77777777777888
1,542,80.3333333333333,2868,9.58333333333332,84.55555555555662
1,543,76.00000000000001,2868,17.444444444444425,75.75000000000112
1,544,75.91666666666666,2868,13.416666666666654,80.16666666666777
1,545,89.91666666666664,2868,9.916666666666652,82.08333333333437
1,546,84.36111111111109,2868,9.916666666666652,88.50000000000135
1,547,74.0,2868,6.861111111111101,93.33333333333448
1,548,77.33333333333329,2868,8.138888888888873,87.83333333333441
1,549,76.05555555555556,2868,13.388888888888866,91.7777777777792
1,550,89.49999999999997,2868,11.3611111111111,80.58333333333448
1,551,69.47222222222224,2868,11.222222222222202,85.08333333333454
1,552,73.05555555555557,2868,10.055555555555538,84.91666666666796
1,553,82.74999999999994,2868,16.49999999999998,84.22222222222338
1,554,77.27777777777777,2868,8.166666666666652,82.97222222222332
1,555,83.58333333333333,2868,13.638888888888864,77.13888888888997
1,556,72.02777777777774,2868,6.777777777777768,85.44444444444554
1,557,75.75000000000003,2868,9.805555555555538,90.00000000000117
1,558,76.86111111111113,2868,14.972222222222195,78.1666666666675
1,559,80.44444444444444,2868,13.944444444444429,92.77777777777885
1,560,75.1944444444444,2868,14.638888888888868,78.52777777777872
1,561,71.75,2868,14.638888888888873,84.00000000000114
1,562,85.52777777777779,2868,8.08333333333332,79.63888888889012
1,563,72.1388888888889,2868,16.222222222222204,84.5833333333344
1,564,74.77777777777779,2868,13.305555555555534,84.61111111111231
1,565,66.36111111111111,2868,17.55555555555555,81.38888888889005
1,566,67.91666666666663,2868,11.999999999999982,86.02777777777872
1,567,75.63888888888886,2868,6.277777777777769,91.19444444444557
1,568,70.27777777777777,2958,8.638888888888872,85.94444444444562
1,569,68.72222222222223,3042,12.972222222222205,85.16666666666768
1,570,82.19444444444443,3042,11.861111111111091,79.00000000000118
1,571,78.44444444444446,3042,18.583333333333325,69.47222222222321
1,572,74.5,3042,16.13888888888887,76.22222222222331
1,573,73.0833333333333,3042,12.91666666666665,83.00000000000108
1,574,75.74999999999997,3042,13.166666666666643,72.47222222222322
1,575,67.72222222222221,3042,15.277777777777754,80.08333333333417
1,576,73.30555555555557,3042,11.527777777777763,81.72222222222318
1,577,70.91666666666667,3042,7.916666666666652,87.7777777777788
1,578,70.27777777777776,3042,11.47222222222221,77.38888888888995
1,579,67.05555555555554,3042,12.055555555555534,82.80555555555641
1,580,88.30555555555553,3042,13.416666666666645,86.44444444444574
1,581,91.05555555555556,3042,10.249999999999984,82.58333333333442
1,582,77.2222222222222,3042,16.69444444444442,84.75000000000091
1,583,72.63888888888886,3042,21.972222222222243,74.3055555555567
1,584,74.27777777777779,3042,13.999999999999975,77.41666666666775
1,585,65.58333333333334,3042,9.027777777777764,76.75000000000097
1,586,76.83333333333334,3042,14.138888888888866,76.22222222222331
1,587,74.44444444444443,3042,12.472222222222204,81.13888888888997
1,588,72.33333333333333,3042,14.61111111111109,81.1111111111123
1,589,70.83333333333333,3042,11.305555555555538,83.69444444444562
1,590,85.11111111111113,3042,11.611111111111097,82.9722222222233
1,591,71.69444444444446,3042,17.75,77.61111111111218
1,592,61.805555555555564,3042,12.722222222222204,94.47222222222341
1,593,76.74999999999996,3042,12.194444444444423,77.80555555555662
1,594,81.30555555555556,3042,16.97222222222221,70.52777777777885
1,595,67.08333333333336,3042,13.888888888888873,79.69444444444562
1,596,81.05555555555553,3042,10.833333333333316,85.66666666666758
1,597,75.33333333333333,3042,10.083333333333316,87.8611111111123
1,598,80.94444444444441,3042,11.111111111111097,86.33333333333438
1,599,81.02777777777777,3042,15.361111111111095,81.47222222222328
1,600,75.58333333333331,3042,9.77777777777776,90.88888888889014
1,601,94.83333333333329,3042,13.138888888888868,76.16666666666792
1,602,78.3333333333333,3042,13.166666666666647,86.0000000000011
1,603,75.55555555555557,3042,11.80555555555554,87.44444444444561
1,604,67.36111111111109,3042,13.444444444444427,73.83333333333454
1,605,91.41666666666667,3042,16.8611111111111,78.9166666666677
1,606,71.25,3042,18.499999999999975,79.27777777777877
1,607,75.72222222222224,3042,12.777777777777755,80.0833333333346
1,608,86.27777777777777,3042,14.33333333333331,80.05555555555668
1,609,76.49999999999997,3042,17.138888888888875,80.05555555555654
1,610,86.72222222222223,3042,13.333333333333313,78.00000000000092
1,611,78.80555555555553,3042,15.749999999999979,79.6944444444456
1,612,72.52777777777777,3042,11.694444444444427,87.72222222222356
1,613,76.05555555555554,3252,17.6111111111111,83.94444444444524
1,614,80.86111111111109,3384,8.694444444444425,86.44444444444555
1,615,74.94444444444444,3576,6.916666666666655,79.16666666666765
1,616,78.80555555555553,3576,16.66666666666666,75.63888888888997
1,617,76.7777777777778,3576,13.38888888888886,81.8055555555569
1,618,75.08333333333333,3576,24.055555555555614,65.44444444444541
1,619,80.80555555555559,3576,17.111111111111097,80.47222222222338
1,620,68.69444444444444,3576,17.166666666666654,74.58333333333441
1,621,75.36111111111111,3588,12.361111111111097,79.22222222222338
1,622,78.22222222222226,3588,17.52777777777776,81.52777777777898
1,623,81.47222222222221,3594,10.749999999999984,90.94444444444581
1,624,92.02777777777777,3594,17.083333333333332,73.86111111111236
1,625,78.69444444444443,3606,12.194444444444423,84.47222222222355
1,626,75.88888888888889,3606,12.111111111111097,87.75000000000104
1,627,77.13888888888889,3636,16.972222222222207,75.9722222222233
1,628,99.69444444444444,3636,12.499999999999982,112.94444444444655
1,629,83.72222222222223,3636,11.749999999999991,95.25000000000176
1,630,94.55555555555551,3642,13.249999999999975,91.63888888889053
1,631,81.63888888888889,3642,15.222222222222195,92.97222222222379
1,632,88.08333333333334,3654,7.111111111111099,113.16666666666862
1,633,82.47222222222223,3870,13.305555555555532,105.88888888889089
1,634,60.44444444444444,3876,14.666666666666647,62.77777777777897
1,635,64.55555555555556,3888,15.111111111111088,65.0555555555568
1,636,65.27777777777779,3888,11.416666666666648,61.833333333334494
1,637,62.833333333333336,3888,11.833333333333314,72.55555555555702
1,638,73.27777777777779,3888,13.36111111111109,61.888888888890044
1,639,66.19444444444444,3888,12.611111111111088,61.66666666666781
1,640,66.58333333333334,3888,11.41666666666665,64.94444444444568
1,641,63.555555555555564,3888,18.05555555555554,58.4444444444455
1,642,67.47222222222223,3888,8.166666666666652,69.33333333333469
1,643,63.555555555555564,3894,18.138888888888882,58.75000000000105
1,644,65.3611111111111,3894,13.777777777777759,64.55555555555678
1,645,74.19444444444446,3894,21.027777777777782,59.11111111111218
1,646,67.97222222222223,3912,8.972222222222205,64.33333333333456
1,647,68.3888888888889,3918,10.222222222222209,65.55555555555681
1,648,62.47222222222222,3918,13.583333333333314,59.00000000000109
1,649,67.6111111111111,3918,9.861111111111098,56.222222222223216
1,650,79.16666666666666,3918,13.972222222222204,61.27777777777891
1,651,64.80555555555557,3942,12.194444444444425,64.97222222222346
1,652,76.8611111111111,3942,11.305555555555541,69.72222222222359
1,653,65.88888888888889,3942,13.194444444444427,63.2222222222234
1,654,73.27777777777779,3942,12.999999999999982,61.00000000000112
1,655,62.94444444444444,3942,7.777777777777764,68.4444444444458
1,656,60.38888888888888,3942,11.972222222222207,63.722222222223415
1,657,58.027777777777786,3942,16.49999999999998,60.722222222223344
1,658,76.0,3942,11.944444444444427,62.44444444444562
1,659,70.36111111111116,3942,9.166666666666652,59.69444444444552
1,660,63.22222222222223,3942,16.916666666666657,61.16666666666779
1,661,71.33333333333333,3942,19.472222222222232,54.638888888889824
1,662,57.11111111111111,3942,9.722222222222207,60.77777777777889
1,663,68.11111111111111,3942,7.3333333333333215,60.000000000001094
1,664,67.1388888888889,3942,15.99999999999998,55.33333333333429
1,665,70.30555555555556,3942,11.666666666666652,71.50000000000142
1,666,63.138888888888886,3942,12.499999999999986,62.000000000001165
1,667,65.50000000000001,3942,9.527777777777759,72.50000000000144
1,668,67.38888888888889,3942,14.305555555555534,59.722222222223316
1,669,67.63888888888887,3942,15.388888888888866,59.000000000001066
1,670,73.33333333333331,3942,21.58333333333334,59.83333333333441
1,671,73.66666666666666,3942,16.694444444444436,61.50000000000113
1,672,66.33333333333333,3942,16.111111111111097,66.05555555555681
1,673,69.6388888888889,3942,20.5,54.33333333333425
1,674,64.41666666666669,4020,16.694444444444425,66.00000000000125
1,675,59.13888888888888,4020,19.16666666666667,54.61111111111204
1,676,61.30555555555555,4020,22.194444444444454,58.08333333333436
1,677,61.30555555555556,4110,15.694444444444416,65.66666666666791
1,678,77.88888888888887,4128,15.249999999999977,61.222222222223344
1,679,73.74999999999997,4134,13.777777777777755,60.94444444444555
1,680,71.3888888888889,4140,15.80555555555554,63.000000000001165
1,681,67.88888888888887,4170,19.750000000000018,58.30555555555659
1,682,63.11111111111112,4188,14.194444444444423,56.916666666667666
1,683,64.0,4194,15.944444444444425,57.05555555555655
1,684,91.22222222222221,4194,14.16666666666665,156.0000000000016
1,685,92.19444444444447,4260,13.194444444444427,148.111111111113
1,686,96.99999999999999,4278,15.305555555555525,143.83333333333542
1,687,103.6666666666667,4278,16.13888888888886,138.16666666666902
1,688,101.33333333333331,4278,18.72222222222222,136.27777777778022
1,689,104.16666666666667,4308,14.63888888888887,158.33333333333482
1,690,98.33333333333331,4308,12.94444444444442,164.22222222222348
1,691,85.86111111111116,4308,17.138888888888875,155.47222222222382
1,692,111.33333333333337,4308,21.888888888888896,149.63888888889073
1,693,91.72222222222221,4308,19.444444444444454,116.52777777778023
1,694,125.66666666666669,4308,17.527777777777775,109.27777777778006
1,695,102.05555555555551,4308,19.111111111111107,120.94444444444702
1,696,112.5277777777778,4308,18.88888888888889,108.83333333333556
1,697,85.55555555555557,4308,10.694444444444425,129.77777777778047
1,698,115.58333333333331,4308,14.499999999999984,138.66666666666873
1,699,90.08333333333334,4308,11.666666666666648,139.72222222222427
1,700,94.94444444444444,4308,14.999999999999979,113.38888888889124
1,701,82.69444444444443,4308,17.13888888888888,133.5555555555581
1,702,121.1388888888889,4308,29.944444444444493,113.08333333333567
1,703,85.47222222222221,4308,18.805555555555554,124.75000000000267
1,704,98.66666666666666,4308,20.888888888888893,128.00000000000276
1,705,102.80555555555553,4332,23.027777777777796,125.38888888889159
1,706,95.72222222222221,4332,18.944444444444443,126.19444444444716
1,707,92.41666666666666,4332,17.11111111111109,148.11111111111308
1,708,91.30555555555559,4332,18.472222222222214,132.02777777778036
1,709,104.86111111111109,4368,18.861111111111132,132.77777777778036
1,710,107.94444444444444,4380,24.388888888888914,126.2777777777805
1,711,89.80555555555554,4380,14.111111111111091,127.88888888889166
1,712,109.08333333333333,4380,25.3055555555556,126.25000000000271
1,713,103.33333333333337,4380,23.22222222222222,111.27777777778007
1,714,101.55555555555556,4380,18.583333333333336,131.72222222222484
1,715,105.80555555555557,4380,19.16666666666666,135.27777777778022
1,716,106.38888888888887,4380,20.777777777777796,125.91666666666937
1,717,84.94444444444446,4380,22.750000000000036,109.72222222222447
1,718,92.55555555555556,4380,16.8611111111111,143.11111111111327
1,719,90.75000000000003,4380,15.55555555555554,157.91666666666822
1,720,105.00000000000006,4380,14.27777777777776,164.44444444444574
1,721,94.38888888888887,4380,17.222222222222214,138.55555555555793
1,722,93.5555555555556,4380,19.833333333333343,133.6666666666692
1,723,117.44444444444444,4380,18.444444444444425,148.66666666666862
1,724,96.91666666666667,4380,22.3888888888889,118.05555555555804
1,725,116.58333333333336,4380,20.111111111111097,137.00000000000242
1,726,110.7777777777778,4380,23.13888888888893,124.00000000000264
1,727,103.52777777777776,4380,23.083333333333353,125.16666666666936
1,728,108.63888888888886,4380,25.555555555555564,124.16666666666933
1,729,105.58333333333331,4380,18.86111111111111,126.50000000000271
1,730,102.19444444444449,4380,23.972222222222268,122.08333333333593
1,731,94.44444444444441,4380,18.666666666666643,145.61111111111316
1,732,113.16666666666669,4380,21.44444444444446,149.08333333333528
1,733,77.1666666666667,4380,18.1111111111111,139.33333333333564
1,734,97.97222222222223,4380,21.13888888888891,139.08333333333562
1,735,120.94444444444449,4380,23.55555555555557,125.1111111111138
1,736,89.55555555555556,4380,18.527777777777782,139.77777777778002
1,737,105.69444444444447,4380,17.749999999999996,140.33333333333556
1,738,103.61111111111111,4380,19.75,143.66666666666882
1,739,108.9444444444445,4380,17.527777777777757,130.2222222222249
1,740,99.55555555555554,4380,18.694444444444443,145.5555555555576
1,741,102.88888888888886,4380,23.972222222222246,126.50000000000273
1,742,88.55555555555554,4380,16.66666666666666,127.50000000000276
1,743,114.61111111111111,4380,20.527777777777775,135.00000000000247
1,744,108.2777777777778,4380,15.999999999999982,131.75000000000256
1,745,119.0,4380,20.861111111111118,129.33333333333604
1,746,107.77777777777781,4380,14.61111111111109,151.6111111111129
1,747,97.25000000000001,4380,17.222222222222204,137.66666666666902
1,748,110.05555555555557,4380,21.555555555555546,112.77777777778012
1,749,99.00000000000003,4380,17.666666666666647,149.61111111111305
1,750,102.44444444444443,4380,20.63888888888887,145.38888888889096
1,751,94.41666666666669,4380,21.44444444444446,148.38888888889082
1,752,96.94444444444449,4380,17.166666666666643,154.00000000000173
1,753,116.94444444444441,4380,21.500000000000014,131.55555555555816
1,754,109.36111111111114,4380,14.86111111111109,143.6944444444466
1,755,111.05555555555554,4380,26.69444444444448,125.44444444444714
1,756,104.86111111111111,4380,14.972222222222198,137.0000000000024
1,757,94.00000000000001,4380,12.388888888888875,142.33333333333547
1,758,105.49999999999999,4380,20.138888888888886,139.75000000000227
1,759,115.7222222222222,4380,13.86111111111109,156.55555555555716
1,760,100.08333333333334,4380,22.50000000000003,151.55555555555736
1,761,112.72222222222226,4380,21.0,130.77777777778041
1,762,108.49999999999999,4380,1.5277777777777781,215.16666666666583
1,763,90.33333333333336,4380,1.527777777777778,210.6666666666661
1,764,100.47222222222223,4380,2.0,218.66666666666563
1,765,114.38888888888887,4380,2.194444444444444,217.66666666666578
1,766,111.38888888888891,4380,2.444444444444444,191.6666666666668
1,767,107.52777777777776,4380,2.0555555555555562,203.7222222222219
1,768,101.55555555555559,4380,3.694444444444443,192.50000000000017
1,769,128.55555555555557,4380,2.7500000000000004,205.11111111111072
1,770,115.05555555555557,4380,0.3055555555555556,218.11111111111023
1,771,119.55555555555557,4380,1.388888888888889,221.61111111110998
1,772,95.33333333333339,4380,1.8333333333333337,211.33333333333272
1,773,99.58333333333331,4380,1.1944444444444446,201.1666666666665
1,774,101.3611111111111,4380,7.44444444444443,195.83333333333334
1,775,100.58333333333339,4380,4.83333333333333,206.83333333333286
1,776,113.63888888888887,4380,5.611111111111104,197.3333333333333
1,777,112.72222222222221,4380,0.0,243.99999999999784
1,778,101.11111111111111,4380,0.0,244.66666666666453
1,779,100.27777777777774,4380,0.0,244.2222222222202
1,780,101.47222222222223,4380,0.0,255.55555555555344
1,781,98.30555555555553,4380,0.0,255.55555555555344
1,782,92.88888888888891,4380,0.0,255.55555555555344
1,783,104.30555555555561,4476,0.0,255.55555555555344
1,784,95.94444444444447,4476,0.0,255.55555555555344
1,785,96.58333333333334,4476,0.0,255.55555555555344
1,786,117.52777777777774,4476,0.0,255.55555555555344
1,787,105.3055555555556,4476,0.0,255.55555555555344
1,788,93.88888888888886,4578,0.0,255.55555555555344
1,789,97.9444444444445,4578,0.0,255.55555555555344
1,790,95.24999999999999,4578,0.0,255.55555555555344
1,791,109.47222222222226,4578,0.0,255.55555555555344
1,792,103.97222222222221,4578,0.0,255.55555555555344
1,793,105.25,4668,0.0,255.55555555555344
1,794,110.5277777777778,4770,0.0,255.55555555555344
1,795,127.63888888888893,4824,0.0,255.55555555555344
1,796,115.88888888888891,4932,0.0,255.55555555555344
1,797,81.77777777777776,5106,0.0,255.55555555555344
1,798,99.55555555555557,5238,0.0,255.55555555555344
1,799,100.22222222222223,5238,0.0,255.55555555555344
1,800,104.16666666666666,5238,0.0,255.55555555555344
1,801,91.88888888888891,5244,0.0,255.55555555555344
1,802,94.6111111111111,5244,0.0,255.55555555555344
1,803,99.72222222222227,5250,0.0,255.55555555555344
1,804,123.58333333333334,5250,0.0,255.55555555555344
1,805,85.6388888888889,5256,0.0,255.55555555555344
1,806,95.08333333333334,5256,0.0,255.55555555555344
1,807,111.16666666666671,5256,0.0,255.55555555555344
1,808,89.86111111111113,5256,0.0,255.55555555555344
1,809,81.58333333333334,5364,0.0,255.55555555555344
1,810,89.16666666666666,5364,0.0,255.55555555555344
1,811,112.55555555555559,5364,0.0,255.55555555555344
1,812,128.94444444444443,5376,0.0,255.55555555555344
1,813,101.41666666666669,5376,0.0,255.55555555555344
1,814,98.97222222222221,5376,0.0,255.55555555555344
1,815,102.0,5376,0.0,255.55555555555344
1,816,95.72222222222224,5382,0.0,255.55555555555344
1,817,102.50000000000001,5400,0.0,255.55555555555344
1,818,78.58333333333333,5406,0.0,255.55555555555344
1,819,99.94444444444443,5406,0.0,255.55555555555344
1,820,107.77777777777776,5406,0.0,255.55555555555344
1,821,107.30555555555559,5406,0.0,255.55555555555344
1,822,96.75000000000001,5406,0.0,255.55555555555344
1,823,108.66666666666663,5406,0.0,255.55555555555344
1,824,94.25000000000003,5418,0.0,255.55555555555344
1,825,111.52777777777779,5418,0.0,255.55555555555344
1,826,94.19444444444447,5418,0.0,255.55555555555344
1,827,108.47222222222224,5436,0.0,255.55555555555344
1,828,99.97222222222224,5436,0.0,255.55555555555344
1,829,125.0,5442,0.0,255.55555555555344
1,830,113.69444444444444,5442,0.0,255.55555555555344
1,831,95.41666666666669,5454,0.0,255.55555555555344
1,832,104.91666666666667,5454,0.0,255.55555555555344
1,833,90.13888888888894,5490,0.0,255.55555555555344
1,834,108.55555555555551,5490,0.0,255.55555555555344
1,835,92.58333333333336,5490,0.0,255.55555555555344
1,836,99.58333333333334,5514,0.0,255.55555555555344
1,837,114.86111111111111,5520,0.0,255.55555555555344
1,838,110.11111111111114,5604,0.0,255.55555555555344
1,839,98.8333333333333,5646,0.0,255.55555555555344
1,840,108.0833333333333,5730,0.0,255.55555555555344
1,841,113.69444444444447,5742,0.0,255.55555555555344
1,842,99.1388888888889,5742,0.0,255.55555555555344
1,843,115.88888888888891,5742,0.0,255.55555555555344
1,844,107.05555555555557,5742,0.0,255.55555555555344
1,845,101.80555555555554,5760,0.0,255.55555555555344
1,846,101.83333333333336,5772,0.0,255.55555555555344
1,847,91.30555555555553,5778,0.0,255.55555555555344
1,848,119.83333333333341,5790,0.0,255.55555555555344
1,849,101.0,5808,0.0,255.55555555555344
1,850,98.16666666666669,5808,0.0,255.55555555555344
1,851,96.11111111111114,5826,0.0,255.55555555555344
1,852,107.44444444444441,5826,0.0,255.55555555555344
1,853,107.58333333333331,5826,0.0,255.55555555555344
1,854,99.61111111111111,5826,0.0,255.55555555555344
1,855,97.86111111111113,5880,0.0,255.55555555555344
1,856,104.99999999999997,5880,0.0,255.55555555555344
1,857,98.8333333333333,5880,0.0,255.55555555555344
1,858,116.94444444444441,5892,0.0,255.55555555555344
1,859,112.27777777777779,5904,0.0,255.55555555555344
1,860,90.00000000000003,5904,0.0,255.55555555555344
1,861,99.74999999999996,5904,0.0,255.55555555555344
1,862,126.58333333333333,5910,0.0,255.55555555555344
1,863,112.11111111111107,5910,0.0,255.55555555555344
1,864,97.27777777777774,5910,0.0,255.55555555555344
1,865,95.6388888888889,5922,0.0,255.55555555555344
1,866,116.08333333333334,5958,0.0,255.55555555555344
1,867,108.41666666666666,5958,0.0,255.55555555555344
1,868,98.38888888888889,5958,0.0,255.55555555555344
1,869,95.50000000000001,5958,0.0,255.55555555555344
1,870,103.49999999999999,5970,0.0,255.55555555555344
1,871,88.2777777777778,5988,0.0,255.55555555555344
1,872,89.5833333333333,6006,0.0,255.55555555555344
1,873,89.16666666666661,6006,0.0,255.55555555555344
1,874,113.38888888888887,6006,0.0,255.55555555555344
1,875,133.11111111111114,6006,0.0,255.55555555555344
1,876,97.30555555555557,6006,0.0,255.55555555555344
1,877,102.41666666666666,6042,0.0,255.55555555555344
1,878,108.30555555555553,6042,0.0,255.55555555555344
1,879,96.4722222222222,6048,0.0,255.55555555555344
1,880,81.97222222222221,6066,0.0,255.55555555555344
1,881,93.30555555555551,6066,0.0,255.55555555555344
1,882,100.11111111111113,6066,0.0,255.55555555555344
1,883,118.58333333333337,6090,0.0,255.55555555555344
1,884,102.63888888888887,6114,0.0,255.55555555555344
1,885,117.2222222222222,6126,0.0,255.55555555555344
1,886,110.50000000000006,6126,0.0,255.55555555555344
1,887,98.08333333333336,6126,0.0,255.55555555555344
1,888,89.72222222222223,6150,0.0,255.55555555555344
1,889,105.36111111111109,6156,0.0,255.55555555555344
1,890,86.55555555555556,6156,0.0,255.55555555555344
1,891,84.16666666666666,6156,0.0,255.55555555555344
1,892,122.30555555555557,6162,0.0,255.55555555555344
1,893,87.61111111111109,6162,0.0,255.55555555555344
1,894,111.66666666666667,6162,0.0,255.55555555555344
1,895,96.19444444444446,6162,0.0,255.55555555555344
1,896,95.83333333333334,6174,0.0,255.55555555555344
1,897,88.83333333333333,6180,0.0,255.55555555555344
1,898,109.94444444444447,6186,0.0,255.55555555555344
1,899,96.08333333333331,6216,0.0,255.55555555555344
1,900,106.97222222222226,6216,0.0,255.55555555555344
1,901,93.11111111111114,6216,0.0,255.55555555555344
1,902,99.25,6216,0.0,255.55555555555344
1,903,99.9722222222222,6216,0.0,255.55555555555344
1,904,114.27777777777779,6216,0.0,255.55555555555344
1,905,105.77777777777777,6216,0.0,255.55555555555344
1,906,98.27777777777779,6216,0.0,255.55555555555344
1,907,104.3888888888889,6216,0.0,255.55555555555344
1,908,104.6111111111111,6216,0.0,255.55555555555344
1,909,101.25,6216,0.0,255.55555555555344
1,910,91.30555555555557,6216,0.0,255.55555555555344
1,911,98.00000000000003,6216,0.0,255.55555555555344
1,912,104.72222222222226,6216,0.0,255.55555555555344
1,913,113.44444444444441,6216,0.0,255.55555555555344
1,914,93.47222222222221,6216,0.0,255.55555555555344
1,915,101.08333333333334,6216,0.0,255.55555555555344
1,916,118.11111111111109,6216,0.0,255.55555555555344
1,917,95.11111111111114,6216,0.0,255.55555555555344
1,918,100.88888888888886,6216,0.0,255.55555555555344
1,919,111.49999999999999,6216,0.0,255.55555555555344
1,920,109.02777777777776,6216,0.0,255.55555555555344
1,921,125.02777777777779,6216,0.0,255.55555555555344
1,922,102.69444444444441,6216,0.0,255.55555555555344
1,923,118.25000000000001,6216,0.0,255.55555555555344
1,924,110.86111111111107,6216,0.0,255.55555555555344
1,925,125.91666666666669,6216,0.0,255.55555555555344
1,926,92.16666666666667,6216,0.0,255.55555555555344
1,927,94.8333333333333,6216,0.0,255.55555555555344
1,928,107.74999999999999,6216,0.0,255.55555555555344
1,929,116.08333333333331,6216,0.0,255.55555555555344
1,930,108.0277777777778,6216,0.0,255.55555555555344
1,931,104.02777777777777,6216,0.0,255.55555555555344
1,932,104.5,6228,0.0,255.55555555555344
1,933,103.02777777777776,6228,0.0,255.55555555555344
1,934,112.19444444444444,6234,0.0,255.55555555555344
1,935,97.19444444444444,6234,0.0,255.55555555555344
1,936,98.77777777777777,6240,0.0,255.55555555555344
1,937,113.66666666666666,6246,0.0,255.55555555555344
1,938,109.47222222222223,6246,0.0,255.55555555555344
1,939,119.69444444444446,6246,0.0,255.55555555555344
1,940,123.75000000000003,6246,0.0,255.55555555555344
1,941,109.97222222222217,6246,0.0,255.55555555555344
1,942,129.6111111111111,6246,0.0,255.55555555555344
1,943,117.94444444444447,6246,0.0,255.55555555555344
1,944,110.58333333333336,6246,0.0,255.55555555555344
1,945,124.02777777777776,6246,0.0,255.55555555555344
1,946,116.13888888888887,6246,0.0,255.55555555555344
1,947,110.91666666666666,6246,0.0,255.55555555555344
1,948,100.27777777777779,6246,0.0,255.55555555555344
1,949,106.47222222222226,6246,0.0,255.55555555555344
1,950,116.19444444444444,6246,0.0,255.55555555555344
1,951,97.77777777777776,6246,0.0,255.55555555555344
1,952,103.83333333333336,6252,0.0,255.55555555555344
1,953,101.8888888888889,6252,0.0,255.55555555555344
1,954,119.77777777777774,6252,0.0,255.55555555555344
1,955,93.99999999999999,6252,0.0,255.55555555555344
1,956,118.33333333333334,6252,0.0,255.55555555555344
1,957,125.13888888888889,6252,0.0,255.55555555555344
1,958,112.19444444444443,6252,0.0,255.55555555555344
1,959,113.9444444444445,6252,0.0,255.55555555555344
1,960,116.05555555555556,6252,0.0,255.55555555555344
1,961,121.00000000000001,6252,0.0,255.55555555555344
1,962,120.4166666666667,6252,0.0,255.55555555555344
1,963,126.5,6252,0.0,255.55555555555344
1,964,115.63888888888887,6252,0.0,255.55555555555344
1,965,127.55555555555557,6252,0.0,255.55555555555344
1,966,117.3611111111111,6252,0.0,255.55555555555344
1,967,119.22222222222229,6252,0.0,255.55555555555344
1,968,120.75000000000001,6252,0.0,255.55555555555344
1,969,110.5277777777778,6252,0.0,255.55555555555344
1,970,120.44444444444446,6252,0.0,255.55555555555344
1,971,118.77777777777776,6252,0.0,255.55555555555344
1,972,117.47222222222217,6252,0.0,255.55555555555344
1,973,116.00000000000001,6252,0.0,255.55555555555344
1,974,123.05555555555556,6252,0.0,255.55555555555344
1,975,105.02777777777781,6252,0.0,255.55555555555344
1,976,123.91666666666666,6252,0.0,255.55555555555344
1,977,103.8888888888889,6252,0.0,255.55555555555344
1,978,101.44444444444444,6252,0.0,255.55555555555344
1,979,113.05555555555554,6252,0.0,255.55555555555344
1,980,105.69444444444443,6276,0.0,255.55555555555344
1,981,104.83333333333331,6276,0.0,255.55555555555344
1,982,114.69444444444444,6276,0.0,255.55555555555344
1,983,105.41666666666669,6342,0.0,255.55555555555344
1,984,100.33333333333333,6342,0.0,255.55555555555344
1,985,91.33333333333334,6348,0.0,255.55555555555344
1,986,109.47222222222223,6348,0.0,255.55555555555344
1,987,105.55555555555557,6354,0.0,255.55555555555344
1,988,107.99999999999999,6354,0.0,255.55555555555344
1,989,101.33333333333331,6354,0.0,255.55555555555344
1,990,101.13888888888887,6372,0.0,255.55555555555344
1,991,106.61111111111113,6378,0.0,255.55555555555344
1,992,106.25000000000001,6492,0.0,255.55555555555344
1,993,104.69444444444444,6528,0.0,255.55555555555344
1,994,106.97222222222223,6534,0.0,255.55555555555344
1,995,134.63888888888883,6534,0.0,255.55555555555344
1,996,124.72222222222227,6534,0.0,255.55555555555344
1,997,127.47222222222223,6534,0.0,255.55555555555344
1,998,139.19444444444446,6534,0.0,255.55555555555344
1,999,134.4722222222222,6534,0.0,255.55555555555344
1,1000,136.5,6534,0.0,255.55555555555344
